2 0.598721 -0.942428 -0.0821393 0.588488 -0.941673 -0.0788633
2 0.391265 -0.318377 -0.12242 0.384022 -0.300792 -0.12703
2 0.0103199 0.184092 -0.159049 0.0101323 0.201066 -0.155817
2 0.0101323 0.201066 -0.155817 0.00969922 0.222319 -0.152523
2 -0.305745 -0.300887 -0.133111 -0.309214 -0.31478 -0.130594
2 -0.324742 -0.500739 -0.139793 -0.324254 -0.514894 -0.144835
2 0.0109629 0.262536 -0.146849 0.0119019 0.291748 -0.142505
2 -0.145527 -0.109836 -0.176188 -0.1559 -0.119112 -0.174654
2 0.629939 -0.946154 -0.0851775 0.660697 -0.951287 -0.0818258
2 0.129485 0.499082 -0.0905054 0.120253 0.500843 -0.0959938
2 0.427833 -0.581941 -0.13955 0.429107 -0.56835 -0.133235
2 0.29196 -0.181271 -0.175244 0.286362 -0.176659 -0.176431
2 -0.298956 -0.28159 -0.138395 -0.292277 -0.266841 -0.143007
2 -0.404563 0.431518 -0.0409327 -0.395753 0.432883 -0.0434243
2 -0.358894 -0.937188 -0.130795 -0.364354 -0.940465 -0.116051
2 0.133398 -0.0645423 -0.184355 0.110336 -0.050573 -0.185669
2 0.613647 -0.944143 -0.084021 0.598721 -0.942428 -0.0821393
2 -0.369627 -0.943574 -0.10216 -0.364354 -0.940465 -0.116051
2 -0.33356 -0.921525 -0.197121 -0.338345 -0.924584 -0.185242
2 -0.503411 0.432655 0.0159676 -0.494501 0.4305 0.00815043
2 0.415404 -0.689664 -0.181375 0.415697 -0.680182 -0.178601
2 -0.188634 0.881567 0.304789 -0.183916 0.874908 0.30239
2 0.479445 -0.909616 -0.157032 0.46627 -0.90164 -0.170233
2 -0.33356 -0.921525 -0.197121 -0.32159 -0.912789 -0.217411
2 -0.295841 -0.716098 -0.256822 -0.297268 -0.704876 -0.252312
2 0.429107 -0.56835 -0.133235 0.43027 -0.559605 -0.130084
2 0.431615 -0.466831 -0.109207 0.42977 -0.447957 -0.106842
2 -0.312086 -0.612732 -0.197692 -0.310114 -0.626022 -0.206985
2 0.502309 -0.920538 -0.133546 0.50909 -0.923165 -0.126447
2 -0.405536 -0.95171 -0.0758591 -0.389321 -0.947567 -0.0910118
2 0.676816 -0.953765 -0.0752185 0.666269 -0.952084 -0.0806074
2 -0.369627 -0.943574 -0.10216 -0.389321 -0.947567 -0.0910118
2 -0.2626 -0.220832 -0.155848 -0.25183 -0.208036 -0.159234
2 -0.290608 -0.77339 -0.271139 -0.289478 -0.790563 -0.273829
2 -0.324709 -0.469882 -0.131467 -0.324918 -0.485108 -0.135258
2 0.415404 -0.689664 -0.181375 0.415303 -0.701018 -0.184809
2 0.0152846 -0.225222 -0.412124 0.016827 -0.238523 -0.426299
2 -0.321533 -0.421229 -0.127184 -0.323054 -0.444239 -0.128411
2 0.00933693 0.23345 -0.149973 0.00969922 0.222319 -0.152523
2 0.0157637 0.350685 -0.14111 0.0139556 0.327485 -0.141223
2 0.0209157 -0.281256 -0.480279 0.0186938 -0.27043 -0.463018
2 -0.318908 -0.575438 -0.172868 -0.317357 -0.587478 -0.179722
2 0.50909 -0.923165 -0.126447 0.515306 -0.925449 -0.119941
2 -0.424831 -0.958498 -0.0411653 -0.436625 -0.961905 -0.0247538
2 0.237321 0.484845 -0.0460462 0.251965 0.481607 -0.0422137
2 0.149826 0.496478 -0.0793785 0.129485 0.499082 -0.0905054
2 0.354388 -0.247032 -0.14763 0.359852 -0.254978 -0.143713
2 -0.288149 -0.848186 -0.276364 -0.288941 -0.860203 -0.274573
2 0.457049 -0.895489 -0.179376 0.447155 -0.886999 -0.188858
2 0.176995 0.492933 -0.0658963 0.165962 0.494339 -0.071149
2 0.676816 -0.953765 -0.0752185 0.686933 -0.955324 -0.069626
2 -0.348318 -0.945126 -0.074239 -0.3406 -0.947161 -0.0551485
2 -0.324709 -0.469882 -0.131467 -0.323743 -0.455265 -0.12995
2 -0.281474 -0.246047 -0.149295 -0.288846 -0.258864 -0.145359
2 -0.336318 -0.949902 -0.036641 -0.3406 -0.947161 -0.0551485
2 -0.323103 -0.539878 -0.154383 -0.322064 -0.551362 -0.159598
2 -0.318908 -0.575438 -0.172868 -0.321143 -0.56293 -0.16495
2 -0.405536 -0.95171 -0.0758591 -0.416181 -0.955672 -0.0550224
2 0.542956 -0.934746 -0.0890054 0.557765 -0.939632 -0.0689005
2 0.572097 -0.941255 -0.067601 0.557765 -0.939632 -0.0689005
2 0.380953 -0.293958 -0.129064 0.373162 -0.278445 -0.13438
2 0.698947 -0.957471 -0.0621815 0.686933 -0.955324 -0.069626
2 0.425509 -0.595149 -0.14563 0.424066 -0.604386 -0.148977
2 0.415303 -0.701018 -0.184809 0.415435 -0.716116 -0.188653
2 -0.323933 -0.530234 -0.149866 -0.324254 -0.514894 -0.144835
2 -0.721415 0.634132 0.268135 -0.72309 0.639783 0.274217
2 0.433213 -0.488384 -0.112094 0.432788 -0.475945 -0.110104
2 0.391265 -0.318377 -0.12242 0.395223 -0.328393 -0.119953
2 0.418442 -0.637858 -0.162376 0.419946 -0.624949 -0.157943
2 0.572097 -0.941255 -0.067601 0.580936 -0.944239 -0.0501404
2 0.698947 -0.957471 -0.0621815 0.707488 -0.959658 -0.058644
2 -0.35167 -0.944491 -0.0812232 -0.369627 -0.943574 -0.10216
2 0.0233802 0.527267 -0.134531 0.0206146 0.511854 -0.147653
2 -0.25183 -0.208036 -0.159234 -0.24306 -0.198758 -0.161454
2 0.46627 -0.90164 -0.170233 0.457049 -0.895489 -0.179376
2 -0.288039 -0.839942 -0.276751 -0.288014 -0.829892 -0.276955
2 0.0101627 -0.0506699 -0.235265 0.0103276 -0.0681748 -0.252187
2 -0.231968 0.4629 -0.0755103 -0.203664 0.467379 -0.0819618
2 -0.144774 0.477898 -0.0979041 -0.167026 0.474493 -0.0918397
2 -0.29971 0.450675 -0.0642996 -0.31329 0.448696 -0.0624849
2 0.424836 -0.417139 -0.105349 0.426881 -0.426367 -0.105065
2 0.165962 0.494339 -0.071149 0.149826 0.496478 -0.0793785
2 -0.00472602 -0.0213392 -0.202696 0.0103296 -0.00895603 -0.201198
2 -0.324742 -0.500739 -0.139793 -0.324918 -0.485108 -0.135258
2 -0.323103 -0.539878 -0.154383 -0.323933 -0.530234 -0.149866
2 0.425509 -0.595149 -0.14563 0.427182 -0.588745 -0.143018
2 -0.424831 -0.958498 -0.0411653 -0.416181 -0.955672 -0.0550224
2 0.0119952 0.040071 -0.187783 0.0107564 0.0561936 -0.183766
2 0.605632 -0.949885 -0.0241442 0.59813 -0.947816 -0.0337483
2 0.545564 -0.941633 -0.0516809 0.537931 -0.944371 -0.0346168
2 0.0145567 -0.000900802 -0.197528 0.0314746 -0.00571352 -0.194255
2 0.365791 -0.264639 -0.139691 0.359852 -0.254978 -0.143713
2 -0.311351 -0.325485 -0.129234 -0.309214 -0.31478 -0.130594
2 0.0110548 0.105533 -0.174732 0.0117536 0.0947768 -0.176139
2 0.0156133 0.362523 -0.143821 0.0157637 0.350685 -0.14111
2 0.605632 -0.949885 -0.0241442 0.61283 -0.951665 -0.0159109
2 -0.336318 -0.949902 -0.036641 -0.333744 -0.951547 -0.0262611
2 0.473444 0.457566 0.0377306 0.462566 0.457062 0.0308947
2 -0.515202 0.436782 0.0272512 -0.503411 0.432655 0.0159676
2 0.358023 0.465757 -0.00984729 0.368392 0.464375 -0.00629148
2 0.0183848 -0.259269 -0.449069 0.0186938 -0.27043 -0.463018
2 0.416135 -0.743672 -0.194889 0.415765 -0.731354 -0.192204
2 0.415765 -0.731354 -0.192204 0.415435 -0.716116 -0.188653
2 0.58995 -0.945895 -0.0434499 0.59813 -0.947816 -0.0337483
2 -0.226243 -0.18149 -0.165082 -0.215087 -0.171221 -0.167006
2 0.418747 -0.788327 -0.202261 0.419271 -0.793828 -0.202817
2 0.61283 -0.951665 -0.0159109 0.619274 -0.953303 -0.00828439
2 0.58995 -0.945895 -0.0434499 0.580936 -0.944239 -0.0501404
2 0.528661 -0.948696 -0.00916065 0.537931 -0.944371 -0.0346168
2 0.415327 0.458936 0.00951801 0.389586 0.461812 0.000976276
2 -0.294412 -0.728633 -0.261072 -0.292734 -0.746551 -0.265645
2 0.502309 -0.920538 -0.133546 0.496915 -0.918343 -0.139166
2 0.32531 -0.212217 -0.16356 0.333607 -0.221081 -0.159284
2 -0.169159 -0.130721 -0.173172 -0.1559 -0.119112 -0.174654
2 0.395223 -0.328393 -0.119953 0.398653 -0.337512 -0.117878
2 -0.281474 -0.246047 -0.149295 -0.272935 -0.232662 -0.152794
2 -0.189779 -0.148497 -0.170636 -0.178959 -0.139074 -0.17217
2 0.0417158 -0.0119466 -0.192814 0.0631382 -0.0221548 -0.188814
2 -0.320554 -0.406857 -0.126744 -0.321533 -0.421229 -0.127184
2 0.0314746 -0.00571352 -0.194255 0.0417158 -0.0119466 -0.192814
2 -0.272935 -0.232662 -0.152794 -0.2626 -0.220832 -0.155848
2 0.619274 -0.953303 -0.00828439 0.625051 -0.954861 -0.000751021
2 0.0217219 0.457361 -0.161174 0.0232789 0.476918 -0.165028
2 -0.306932 -0.901322 -0.242719 -0.303047 -0.896381 -0.249453
2 -0.0511103 0.498709 -0.137422 -0.0371957 0.503197 -0.14416
2 -0.0224012 0.506466 -0.146844 -0.00163204 0.512302 -0.148671
2 0.507991 0.461192 0.0647305 0.520174 0.463542 0.0768886
2 0.0152846 -0.225222 -0.412124 0.0153116 -0.218835 -0.405464
2 -0.24306 -0.198758 -0.161454 -0.226243 -0.18149 -0.165082
2 0.333607 -0.221081 -0.159284 0.345423 -0.235515 -0.15318
2 -0.297268 -0.704876 -0.252312 -0.298652 -0.694516 -0.247903
2 0.0192995 0.493357 -0.159273 0.0232789 0.476918 -0.165028
2 -0.342708 -0.955838 0.00625707 -0.337829 -0.953627 -0.00986419
2 0.447155 -0.886999 -0.188858 0.436382 -0.872249 -0.198235
2 0.0145567 -0.000900802 -0.197528 0.0144421 0.0142689 -0.193643
2 0.348867 -0.24026 -0.151018 0.354388 -0.247032 -0.14763
2 0.278069 -0.169763 -0.177929 0.286362 -0.176659 -0.176431
2 0.0502149 0.51552 -0.146878 0.0816796 0.508788 -0.123567
2 -0.55477 0.453361 0.0662147 -0.560973 0.456456 0.0724348
2 0.0261129 0.563794 -0.0807697 0.0236993 0.573667 -0.0550932
2 -0.526482 0.440754 0.0380484 -0.53545 0.444466 0.0469081
2 -0.481288 0.428091 -0.00267239 -0.494501 0.4305 0.00815043
2 0.365791 -0.264639 -0.139691 0.373162 -0.278445 -0.13438
2 0.29196 -0.181271 -0.175244 0.306505 -0.193917 -0.171406
2 -0.288149 -0.848186 -0.276364 -0.288039 -0.839942 -0.276751
2 -0.739012 0.704613 0.349543 -0.740291 0.709873 0.357249
2 -0.311351 -0.325485 -0.129234 -0.313838 -0.340126 -0.127724
2 -0.342708 -0.955838 0.00625707 -0.351326 -0.959269 0.0335615
2 0.011618 -0.0883865 -0.274916 0.0107137 -0.0968588 -0.28429
2 0.495394 0.459431 0.0541382 0.507991 0.461192 0.0647305
2 -0.311371 -0.904972 -0.235045 -0.32159 -0.912789 -0.217411
2 -0.288204 -0.817595 -0.276696 -0.288014 -0.829892 -0.276955
2 -0.652794 0.522287 0.156868 -0.642143 0.512752 0.146751
2 -0.288685 -0.805391 -0.275665 -0.289478 -0.790563 -0.273829
2 -0.303582 -0.660883 -0.23128 -0.302104 -0.66952 -0.235806
2 0.522239 -0.956541 0.026894 0.525131 -0.958925 0.0366078
2 0.0101627 -0.0506699 -0.235265 0.00880947 -0.0429801 -0.228131
2 0.412748 -0.375569 -0.10968 0.41584 -0.384418 -0.107573
2 -0.595235 0.475404 0.105506 -0.588543 0.471185 0.0991498
2 0.416659 -0.658826 -0.171168 0.418442 -0.637858 -0.162376
2 0.526153 -0.950628 0.000104391 0.522239 -0.956541 0.026894
2 0.0119019 0.291748 -0.142505 0.0128568 0.310161 -0.140529
2 0.52738 -0.96136 0.0476135 0.525131 -0.958925 0.0366078
2 0.52738 -0.96136 0.0476135 0.529912 -0.963454 0.0567225
2 0.433967 -0.535824 -0.123237 0.431721 -0.548785 -0.126378
2 -0.351326 -0.959269 0.0335615 -0.357497 -0.961711 0.0460582
2 0.0209157 -0.281256 -0.480279 0.0234657 -0.290935 -0.496107
2 -0.332531 0.444259 -0.0578336 -0.31329 0.448696 -0.0624849
2 -0.104454 -0.0785131 -0.180246 -0.0968102 -0.0725906 -0.180906
2 -0.358894 -0.937188 -0.130795 -0.354718 -0.934654 -0.142004
2 0.439257 0.457374 0.0192226 0.462566 0.457062 0.0308947
2 -0.203664 0.467379 -0.0819618 -0.185672 0.470511 -0.0866112
2 0.0107564 0.0561936 -0.183766 0.0118882 0.0651333 -0.181614
2 0.555358 0.474279 0.119988 0.545681 0.470837 0.107175
2 -0.634783 0.506519 0.140037 -0.624001 0.497851 0.130528
2 0.433462 -0.507803 -0.116293 0.433213 -0.488384 -0.112094
2 0.426881 -0.426367 -0.105065 0.42977 -0.447957 -0.106842
2 -0.169159 -0.130721 -0.173172 -0.178959 -0.139074 -0.17217
2 -0.10275 0.482613 -0.11209 -0.0878184 0.487156 -0.11858
2 0.579437 0.484767 0.15388 0.575715 0.483126 0.148645
2 -0.10275 0.482613 -0.11209 -0.126323 0.481155 -0.104198
2 0.0199473 0.620948 0.0456097 0.0185465 0.628614 0.0635474
2 -0.157382 0.837582 0.288989 -0.151317 0.829107 0.287147
2 -0.55477 0.453361 0.0662147 -0.546402 0.449222 0.0578369
2 -0.0762423 0.489416 -0.123561 -0.0878184 0.487156 -0.11858
2 0.587252 0.488514 0.164916 0.579437 0.484767 0.15388
2 0.669546 0.536067 0.272928 0.661769 0.530719 0.262184
2 0.0742832 -0.0289276 -0.187864 0.110336 -0.050573 -0.185669
2 0.0134014 -0.139867 -0.330185 0.0110847 -0.120051 -0.308659
2 -0.0511103 0.498709 -0.137422 -0.0762423 0.489416 -0.123561
2 0.0154284 0.645476 0.103418 0.0175941 0.635946 0.0794839
2 0.0241454 0.583118 -0.0318743 0.0238878 0.589146 -0.020901
2 0.0228663 0.603893 0.00771934 0.0238878 0.589146 -0.020901
2 0.358023 0.465757 -0.00984729 0.324213 0.47027 -0.0203156
2 0.0241825 -0.298922 -0.512615 0.0248174 -0.302253 -0.522342
2 -0.290608 -0.77339 -0.271139 -0.291665 -0.759132 -0.26847
2 -0.29971 0.450675 -0.0642996 -0.289617 0.452968 -0.0657275
2 -0.659364 0.528717 0.163592 -0.666255 0.535832 0.171069
2 0.415697 -0.680182 -0.178601 0.415971 -0.670856 -0.175365
2 -0.298956 -0.28159 -0.138395 -0.305745 -0.300887 -0.133111
2 0.661769 0.530719 0.262184 0.657157 0.527609 0.255996
2 0.416135 -0.743672 -0.194889 0.417052 -0.76485 -0.198972
2 0.0170125 0.399032 -0.149083 0.0156226 0.383937 -0.146373
2 0.587252 0.488514 0.164916 0.594745 0.492108 0.174846
2 0.407341 -0.36156 -0.112783 0.404852 -0.354518 -0.114225
2 0.642955 0.51813 0.237359 0.649666 0.522603 0.246124
2 0.528408 -0.929911 -0.106026 0.521551 -0.927619 -0.113385
2 0.642955 0.51813 0.237359 0.635858 0.513748 0.227273
2 0.0156133 0.362523 -0.143821 0.0156226 0.383937 -0.146373
2 0.60005 0.494593 0.182268 0.594745 0.492108 0.174846
2 -0.298652 -0.694516 -0.247903 -0.300647 -0.680004 -0.240918
2 0.496915 -0.918343 -0.139166 0.490585 -0.915358 -0.145675
2 0.01966 0.422171 -0.153781 0.0212882 0.435983 -0.156578
2 0.535528 0.467624 0.0944892 0.529358 0.465843 0.0871692
2 -0.323743 -0.455265 -0.12995 -0.323054 -0.444239 -0.128411
2 0.00729742 0.67527 0.182744 0.00910318 0.670053 0.169348
2 -0.673522 0.86601 0.497529 -0.665972 0.871754 0.507875
2 0.740912 0.613253 0.472234 0.73826 0.608069 0.456333
2 0.0233802 0.527267 -0.134531 0.0234435 0.538409 -0.124251
2 -0.700968 0.581729 0.218071 -0.697681 0.577083 0.212946
2 -0.693313 0.57082 0.206492 -0.697681 0.577083 0.212946
2 0.0192995 0.493357 -0.159273 0.0206146 0.511854 -0.147653
2 0.0502149 0.51552 -0.146878 0.0412883 0.51707 -0.146413
2 0.0234657 -0.290935 -0.496107 0.0236503 -0.294437 -0.503722
2 -0.659364 0.528717 0.163592 -0.652794 0.522287 0.156868
2 -0.178601 0.472198 -0.0884063 -0.185672 0.470511 -0.0866112
2 0.380953 -0.293958 -0.129064 0.384022 -0.300792 -0.12703
2 0.416659 -0.658826 -0.171168 0.415971 -0.670856 -0.175365
2 -0.288941 -0.860203 -0.274573 -0.290022 -0.871316 -0.272312
2 -0.697294 0.822185 0.3726 -0.708825 0.802904 0.376388
2 0.258603 -0.154141 -0.180281 0.278069 -0.169763 -0.177929
2 -0.732352 0.673928 0.313215 -0.73003 0.664807 0.302389
2 0.608997 0.498833 0.193212 0.620252 0.504332 0.206832
2 0.60005 0.494593 0.182268 0.608997 0.498833 0.193212
2 0.141554 0.843469 0.29659 0.129275 0.825744 0.287794
2 -0.101691 0.771817 0.263126 -0.110454 0.780521 0.266776
2 -0.0924579 0.762769 0.259327 -0.0828688 0.753609 0.255279
2 -0.34557 -0.929017 -0.166538 -0.352256 -0.933123 -0.148764
2 0.148789 0.853684 0.301376 0.161386 0.870828 0.30935
2 -0.0116998 0.697757 0.220075 0.00461781 0.68028 0.209585
2 -0.689227 0.565071 0.200502 -0.693313 0.57082 0.206492
2 0.0201624 0.701129 0.219399 0.027824 0.707264 0.224248
2 -0.0924579 0.762769 0.259327 -0.101691 0.771817 0.263126
2 0.0709732 0.749779 0.250697 0.0597469 0.737664 0.244394
2 -0.208398 0.909484 0.315263 -0.216395 0.920712 0.319715
2 -0.716306 0.619011 0.251613 -0.721415 0.634132 0.268135
2 -0.709785 0.594831 0.231809 -0.713746 0.609693 0.243486
2 0.00975619 0.667456 0.164273 0.0115333 0.661843 0.149685
2 -0.180391 0.869933 0.300598 -0.17496 0.862266 0.297843
2 -0.145527 -0.109836 -0.176188 -0.124254 -0.0941624 -0.178682
2 -0.0678433 0.740053 0.249644 -0.0828688 0.753609 0.255279
2 -0.685673 0.560185 0.195664 -0.689227 0.565071 0.200502
2 -0.141738 0.816225 0.282474 -0.128332 0.799225 0.274208
2 0.0069316 0.655194 0.226372 0.00474585 0.644916 0.243629
2 0.433245 -0.514173 -0.118272 0.43336 -0.521674 -0.119796
2 0.104837 0.791391 0.271326 0.097447 0.780606 0.266712
2 0.00581241 0.680967 0.195846 0.00461781 0.68028 0.209585
2 0.166117 0.877129 0.31239 0.161386 0.870828 0.30935
2 -0.00472602 -0.0213392 -0.202696 0.00668008 -0.0304616 -0.216522
2 0.0069316 0.655194 0.226372 0.00461781 0.68028 0.209585
2 0.00430302 0.641176 0.253536 0.00392813 0.623582 0.283406
2 0.649666 0.522603 0.246124 0.65424 0.525652 0.252123
2 -0.304348 -0.653942 -0.227289 -0.306235 -0.646803 -0.222385
2 -0.739012 0.704613 0.349543 -0.737255 0.695874 0.338963
2 0.65424 0.525652 0.252123 0.657157 0.527609 0.255996
2 -0.200525 0.898337 0.310856 -0.208398 0.909484 0.315263
2 -0.226463 0.932896 0.322901 -0.216395 0.920712 0.319715
2 0.166117 0.877129 0.31239 0.172107 0.885189 0.316174
2 -0.17496 0.862266 0.297843 -0.162825 0.845199 0.291304
2 0.736475 0.679592 0.529267 0.733138 0.690847 0.531606
2 0.129275 0.825744 0.287794 0.104837 0.791391 0.271326
2 -0.709785 0.594831 0.231809 -0.706942 0.590214 0.227326
2 -0.0669269 -0.049226 -0.184401 -0.0485086 -0.0374974 -0.188135
2 0.398653 -0.337512 -0.117878 0.404852 -0.354518 -0.114225
2 0.0106957 0.15805 -0.164147 0.0105614 0.166915 -0.162396
2 0.011618 -0.0883865 -0.274916 0.0103276 -0.0681748 -0.252187
2 -0.0263048 0.706533 0.229958 -0.0116998 0.697757 0.220075
2 -0.288846 -0.258864 -0.145359 -0.292277 -0.266841 -0.143007
2 0.152167 -0.0765359 -0.183719 0.17025 -0.0877525 -0.183651
2 -0.308314 -0.635262 -0.213925 -0.306235 -0.646803 -0.222385
2 -0.733584 0.679224 0.319292 -0.73492 0.685124 0.325997
2 0.699611 0.559198 0.324172 0.69481 0.55521 0.314815
2 0.00198092 0.570398 0.354209 0.00283824 0.583482 0.338372
2 -0.200525 0.898337 0.310856 -0.192611 0.88718 0.306811
2 -0.72309 0.639783 0.274217 -0.726983 0.653702 0.289871
2 0.00237485 0.59385 0.327048 0.00283824 0.583482 0.338372
2 -0.737255 0.695874 0.338963 -0.73492 0.685124 0.325997
2 0.718618 0.580315 0.37206 0.713646 0.573837 0.355722
2 0.00430302 0.641176 0.253536 0.00474585 0.644916 0.243629
2 -0.726983 0.653702 0.289871 -0.73003 0.664807 0.302389
2 0.00296953 0.611406 0.301111 0.00237485 0.59385 0.327048
2 0.669546 0.536067 0.272928 0.677481 0.541706 0.284617
2 0.431029 -0.859492 -0.20196 0.427396 -0.845656 -0.203555
2 0.419946 -0.624949 -0.157943 0.420651 -0.612605 -0.153228
2 0.186166 0.903519 0.325128 0.176889 0.891548 0.319122
2 -0.316871 -0.363888 -0.126537 -0.319119 -0.387152 -0.1263
2 0.0136219 -0.15889 -0.350358 0.014661 -0.166639 -0.358152
2 -0.312086 -0.612732 -0.197692 -0.314035 -0.604215 -0.191382
2 0.686667 0.548663 0.299823 0.677481 0.541706 0.284617
2 0.689677 0.551032 0.305177 0.69481 0.55521 0.314815
2 0.689677 0.551032 0.305177 0.686667 0.548663 0.299823
2 -0.684731 0.844228 0.376359 -0.679464 0.853762 0.382234
2 0.0268423 -0.309313 -0.543072 0.0281048 -0.314023 -0.557614
2 0.699611 0.559198 0.324172 0.70569 0.564448 0.337079
2 -0.741103 0.731873 0.382202 -0.741906 0.722747 0.37377
2 -0.292987 -0.879379 -0.267018 -0.290022 -0.871316 -0.272312
2 -0.673922 0.863977 0.389421 -0.679464 0.853762 0.382234
2 -0.296652 -0.88726 -0.260539 -0.303047 -0.896381 -0.249453
2 -0.733847 0.755136 0.3875 -0.726953 0.772014 0.388909
2 -0.742348 0.740298 0.396873 -0.733847 0.755136 0.3875
2 0.0349124 -0.327082 -0.613634 0.0377765 -0.332482 -0.63484
2 0.0281048 -0.314023 -0.557614 0.0294131 -0.316354 -0.567664
2 -0.666127 0.878026 0.400068 -0.673922 0.863977 0.389421
2 -0.666127 0.878026 0.400068 -0.664163 0.882837 0.403587
2 0.00296953 0.611406 0.301111 0.00392813 0.623582 0.283406
2 -0.71826 0.791036 0.389215 -0.726953 0.772014 0.388909
2 -0.741103 0.731873 0.382202 -0.742348 0.740298 0.396873
2 0.722459 0.584774 0.38546 0.725678 0.588292 0.397314
2 0.033107 -0.323602 -0.599102 0.0313431 -0.320293 -0.584695
2 -0.664163 0.882837 0.403587 -0.662559 0.886701 0.405297
2 0.731261 0.596767 0.422006 0.725678 0.588292 0.397314
2 0.033107 -0.323602 -0.599102 0.0349124 -0.327082 -0.613634
2 -0.741473 0.716744 0.366693 -0.741906 0.722747 0.37377
2 -0.0669269 -0.049226 -0.184401 -0.0838636 -0.0624042 -0.182362
2 -0.708825 0.802904 0.376388 -0.71826 0.791036 0.389215
2 -0.740291 0.709873 0.357249 -0.741473 0.716744 0.366693
2 0.00198092 0.570398 0.354209 0.00100992 0.557919 0.368325
2 0.70569 0.564448 0.337079 0.713646 0.573837 0.355722
2 -0.715001 0.807221 0.413939 -0.70791 0.821999 0.42683
2 0.0294131 -0.316354 -0.567664 0.0313431 -0.320293 -0.584695
2 -0.71826 0.791036 0.389215 -0.715001 0.807221 0.413939
2 -0.703282 0.830142 0.439051 -0.698241 0.837694 0.450018
2 0.0146575 -0.175444 -0.366454 0.0148697 -0.194983 -0.384215
2 -0.749244 0.7489 0.444233 -0.748991 0.746635 0.435717
2 0.431029 -0.859492 -0.20196 0.436382 -0.872249 -0.198235
2 0.736301 0.604608 0.445691 0.73826 0.608069 0.456333
2 -0.742348 0.740298 0.396873 -0.748954 0.733466 0.410405
2 0.0579949 -0.391372 -0.727572 0.0620584 -0.408353 -0.74347
2 -0.703282 0.830142 0.439051 -0.70791 0.821999 0.42683
2 0.731261 0.596767 0.422006 0.735103 0.602635 0.439759
2 0.0128568 0.310161 -0.140529 0.0139556 0.327485 -0.141223
2 0.0406371 -0.33941 -0.653994 0.0391295 -0.335599 -0.644416
2 0.0377765 -0.332482 -0.63484 0.0391295 -0.335599 -0.644416
2 0.0406371 -0.33941 -0.653994 0.0430911 -0.345517 -0.668972
2 -0.764979 0.713517 0.435725 -0.757049 0.723573 0.423383
2 0.740912 0.613253 0.472234 0.743134 0.617612 0.487292
2 0.00668008 -0.0304616 -0.216522 0.00880947 -0.0429801 -0.228131
2 -0.779335 0.696874 0.472985 -0.773589 0.701988 0.451955
2 -0.698241 0.837694 0.450018 -0.691847 0.846666 0.46399
2 0.0443802 -0.348998 -0.675726 0.0430911 -0.345517 -0.668972
2 -0.739833 0.770335 0.499641 -0.744376 0.764185 0.484339
2 -0.680549 0.860886 0.48835 -0.673522 0.86601 0.497529
2 0.0117536 0.0947768 -0.176139 0.0124265 0.0822546 -0.178135
2 0.0443802 -0.348998 -0.675726 0.047075 -0.3566 -0.687731
2 -0.686499 0.855245 0.478019 -0.680549 0.860886 0.48835
2 0.744613 0.643141 0.535761 0.742015 0.657251 0.534115
2 -0.739833 0.770335 0.499641 -0.728156 0.781562 0.526507
2 -0.781331 0.699669 0.514772 -0.781914 0.697275 0.503283
2 -0.781331 0.699669 0.514772 -0.780293 0.702791 0.526709
2 0.0153116 -0.218835 -0.405464 0.0150479 -0.206293 -0.394302
2 0.0538358 -0.377512 -0.713542 0.0579949 -0.391372 -0.727572
2 0.724428 0.717458 0.534379 0.733138 0.690847 0.531606
2 0.047075 -0.3566 -0.687731 0.0497518 -0.364574 -0.698545
2 -0.721916 0.78675 0.538671 -0.716911 0.789152 0.547765
2 0.699412 0.7675 0.551835 0.708869 0.751089 0.543479
2 -0.780293 0.702791 0.526709 -0.779193 0.707287 0.540306
2 0.745136 0.633433 0.522126 0.744613 0.643141 0.535761
2 0.678542 0.797229 0.572533 0.693139 0.776844 0.556836
2 -0.721916 0.78675 0.538671 -0.728156 0.781562 0.526507
2 0.742015 0.657251 0.534115 0.739224 0.669033 0.531251
2 -0.291665 -0.759132 -0.26847 -0.292734 -0.746551 -0.265645
2 0.678542 0.797229 0.572533 0.675324 0.801574 0.576915
2 0.736475 0.679592 0.529267 0.739224 0.669033 0.531251
2 0.746087 0.642661 0.552869 0.744613 0.643141 0.535761
2 0.747209 0.644546 0.576419 0.746087 0.642661 0.552869
2 0.693139 0.776844 0.556836 0.699412 0.7675 0.551835
2 0.747209 0.644546 0.576419 0.751549 0.628504 0.580217
2 0.757314 0.609637 0.594778 0.754342 0.619222 0.586563
2 0.751549 0.628504 0.580217 0.754342 0.619222 0.586563
2 0.70032 0.701245 0.675093 0.705667 0.699014 0.666561
2 0.0515818 -0.370233 -0.705452 0.0538358 -0.377512 -0.713542
2 0.737823 0.671799 0.60955 0.74095 0.664752 0.600858
2 0.744126 0.6567 0.588016 0.74095 0.664752 0.600858
2 0.768707 0.576176 0.601901 0.766511 0.58493 0.595696
2 0.760306 0.600703 0.605913 0.766511 0.58493 0.595696
2 0.773381 0.557557 0.612195 0.768707 0.576176 0.601901
2 0.775701 0.541718 0.627421 0.773381 0.557557 0.612195
2 0.723742 0.689626 0.636507 0.731372 0.682455 0.623313
2 0.760306 0.600703 0.605913 0.757542 0.606603 0.624301
2 0.723742 0.689626 0.636507 0.718067 0.693001 0.646525
2 0.757542 0.606603 0.624301 0.757182 0.606658 0.631756
2 0.775701 0.541718 0.627421 0.776227 0.530593 0.637329
2 0.776227 0.530593 0.637329 0.775662 0.526728 0.645921
2 0.774177 0.51826 0.664047 0.775662 0.526728 0.645921
2 0.755012 0.608415 0.646475 0.757182 0.606658 0.631756
2 0.718067 0.693001 0.646525 0.712475 0.695835 0.655668
2 0.755012 0.608415 0.646475 0.751168 0.607049 0.66025
2 0.712475 0.695835 0.655668 0.705667 0.699014 0.666561
2 0.774177 0.51826 0.664047 0.773073 0.513236 0.676495
2 0.751168 0.607049 0.66025 0.746009 0.607378 0.675525
2 0.737053 0.608684 0.697833 0.72866 0.608809 0.712059
2 0.689975 0.705784 0.691487 0.694482 0.704862 0.685919
2 0.684345 0.707393 0.697696 0.689975 0.705784 0.691487
2 0.72866 0.608809 0.712059 0.720411 0.611032 0.725584
2 0.660697 -0.951287 -0.0818258 0.666269 -0.952084 -0.0806074
2 0.0183848 -0.259269 -0.449069 0.0171136 -0.250818 -0.439987
2 -0.336618 -0.953115 -0.0136673 -0.337829 -0.953627 -0.00986419
2 0.016827 -0.238523 -0.426299 0.0171136 -0.250818 -0.439987
2 -0.288685 -0.805391 -0.275665 -0.288204 -0.817595 -0.276696
2 -0.469341 0.426984 -0.0111778 -0.481288 0.428091 -0.00267239
2 0.27903 0.47658 -0.0336832 0.251965 0.481607 -0.0422137
2 -0.141738 0.816225 0.282474 -0.151317 0.829107 0.287147
2 -0.157382 0.837582 0.288989 -0.162825 0.845199 0.291304
2 -0.226463 0.932896 0.322901 -0.231329 0.939032 0.323667
2 0.0248174 -0.302253 -0.522342 0.0254491 -0.305562 -0.531732
2 0.0241825 -0.298922 -0.512615 0.0236503 -0.294437 -0.503722
2 -0.686499 0.855245 0.478019 -0.691847 0.846666 0.46399
2 0.737823 0.671799 0.60955 0.731372 0.682455 0.623313
2 0.70032 0.701245 0.675093 0.694482 0.704862 0.685919
2 0.772435 0.511378 0.681163 0.773073 0.513236 0.676495
2 0.746009 0.607378 0.675525 0.737053 0.608684 0.697833
2 0.770632 0.507447 0.689954 0.768609 0.505298 0.698091
2 0.0254491 -0.305562 -0.531732 0.0268423 -0.309313 -0.543072
2 0.0515818 -0.370233 -0.705452 0.0497518 -0.364574 -0.698545
2 0.0124265 0.0822546 -0.178135 0.0118882 0.0651333 -0.181614
2 0.0107137 -0.0968588 -0.28429 0.0110847 -0.120051 -0.308659
2 -0.336618 -0.953115 -0.0136673 -0.333744 -0.951547 -0.0262611
2 -0.303582 -0.660883 -0.23128 -0.304348 -0.653942 -0.227289
2 0.528661 -0.948696 -0.00916065 0.526153 -0.950628 0.000104391
2 -0.469341 0.426984 -0.0111778 -0.462576 0.426692 -0.0155977
2 -0.355063 0.439766 -0.052811 -0.383974 0.434953 -0.0464914
2 0.57021 0.480622 0.140871 0.575715 0.483126 0.148645
2 -0.249473 0.460357 -0.0720324 -0.231968 0.4629 -0.0755103
2 0.0913173 0.772572 0.263178 0.097447 0.780606 0.266712
2 -0.691649 0.832114 0.374005 -0.697294 0.822185 0.3726
2 -0.188634 0.881567 0.304789 -0.192611 0.88718 0.306811
2 -0.321143 -0.56293 -0.16495 -0.322064 -0.551362 -0.159598
2 0.772435 0.511378 0.681163 0.770632 0.507447 0.689954
2 -0.748124 0.758316 0.478912 -0.744376 0.764185 0.484339
2 -0.779335 0.696874 0.472985 -0.781266 0.69566 0.485184
2 -0.781914 0.697275 0.503283 -0.781266 0.69566 0.485184
2 0.197437 0.492035 -0.059462 0.210452 0.488777 -0.0545933
2 0.716906 0.734403 0.539023 0.708869 0.751089 0.543479
2 0.176889 0.891548 0.319122 0.172107 0.885189 0.316174
2 -0.74833 0.755391 0.462194 -0.748124 0.758316 0.478912
2 -0.749244 0.7489 0.444233 -0.74833 0.755391 0.462194
2 0.014661 -0.166639 -0.358152 0.0146575 -0.175444 -0.366454
2 0.629939 -0.946154 -0.0851775 0.613647 -0.944143 -0.084021
2 0.0148697 -0.194983 -0.384215 0.0150479 -0.206293 -0.394302
2 -0.348318 -0.945126 -0.074239 -0.350737 -0.944683 -0.0791743
2 -0.53545 0.444466 0.0469081 -0.546402 0.449222 0.0578369
2 -0.306932 -0.901322 -0.242719 -0.311371 -0.904972 -0.235045
2 -0.25637 0.459417 -0.0708553 -0.289617 0.452968 -0.0657275
2 -0.198517 -0.156236 -0.169465 -0.215087 -0.171221 -0.167006
2 -0.570395 0.461378 0.0817762 -0.578744 0.466005 0.0897662
2 0.389586 0.461812 0.000976276 0.368392 0.464375 -0.00629148
2 -0.296652 -0.88726 -0.260539 -0.292987 -0.879379 -0.267018
2 0.412748 -0.375569 -0.10968 0.407341 -0.36156 -0.112783
2 -0.560973 0.456456 0.0724348 -0.570395 0.461378 0.0817762
2 0.0241454 0.583118 -0.0318743 0.0240486 0.579066 -0.0418892
2 0.620252 0.504332 0.206832 0.629095 0.508981 0.218363
2 0.629095 0.508981 0.218363 0.635858 0.513748 0.227273
2 0.0709732 0.749779 0.250697 0.0787204 0.758197 0.255313
2 0.141554 0.843469 0.29659 0.148789 0.853684 0.301376
2 -0.0485086 -0.0374974 -0.188135 -0.0330688 -0.0305926 -0.192923
2 -0.684731 0.844228 0.376359 -0.691649 0.832114 0.374005
2 -0.748991 0.746635 0.435717 -0.751569 0.734683 0.422951
2 0.724428 0.717458 0.534379 0.716906 0.734403 0.539023
2 0.0134014 -0.139867 -0.330185 0.0136219 -0.15889 -0.350358
2 -0.180391 0.869933 0.300598 -0.183916 0.874908 0.30239
2 0.588488 -0.941673 -0.0788633 0.572097 -0.941255 -0.067601
2 0.225899 -0.128796 -0.182208 0.23959 -0.139239 -0.181697
2 -0.310114 -0.626022 -0.206985 -0.308314 -0.635262 -0.213925
2 0.542956 -0.934746 -0.0890054 0.528408 -0.929911 -0.106026
2 -0.320554 -0.406857 -0.126744 -0.319691 -0.394655 -0.126434
2 0.515306 -0.925449 -0.119941 0.521551 -0.927619 -0.113385
2 0.432788 -0.475945 -0.110104 0.431615 -0.466831 -0.109207
2 -0.414881 0.430015 -0.0376884 -0.404563 0.431518 -0.0409327
2 0.433462 -0.507803 -0.116293 0.433245 -0.514173 -0.118272
2 0.420004 -0.395623 -0.105665 0.41584 -0.384418 -0.107573
2 -0.634783 0.506519 0.140037 -0.642143 0.512752 0.146751
2 -0.595235 0.475404 0.105506 -0.6048 0.482688 0.11391
2 0.0236993 0.573667 -0.0550932 0.0240486 0.579066 -0.0418892
2 -0.429217 0.428224 -0.032577 -0.451494 0.426808 -0.0219098
2 -0.455095 0.42661 -0.0201389 -0.451494 0.426808 -0.0219098
2 0.415327 0.458936 0.00951801 0.439257 0.457374 0.0192226
2 -0.355063 0.439766 -0.052811 -0.332531 0.444259 -0.0578336
2 -0.716306 0.619011 0.251613 -0.713746 0.609693 0.243486
2 -0.6048 0.482688 0.11391 -0.624001 0.497851 0.130528
2 0.473444 0.457566 0.0377306 0.495394 0.459431 0.0541382
2 -0.302104 -0.66952 -0.235806 -0.300647 -0.680004 -0.240918
2 0.479445 -0.909616 -0.157032 0.490585 -0.915358 -0.145675
2 -0.352256 -0.933123 -0.148764 -0.354718 -0.934654 -0.142004
2 -0.341849 -0.926712 -0.176265 -0.338345 -0.924584 -0.185242
2 -0.34557 -0.929017 -0.166538 -0.341849 -0.926712 -0.176265
2 0.00100992 0.557919 0.368325 0.00120828 0.53586 0.395929
2 0.722459 0.584774 0.38546 0.718618 0.580315 0.37206
2 0.745239 0.623844 0.505188 0.743134 0.617612 0.487292
2 -0.773589 0.701988 0.451955 -0.764979 0.713517 0.435725
2 0.745239 0.623844 0.505188 0.745136 0.633433 0.522126
2 0.747209 0.644546 0.576419 0.744126 0.6567 0.588016
2 -0.383974 0.434953 -0.0464914 -0.395753 0.432883 -0.0434243
2 0.420528 -0.804759 -0.203596 0.4227 -0.819967 -0.204078
2 0.57021 0.480622 0.140871 0.563847 0.477845 0.131878
2 0.218455 -0.123116 -0.182392 0.225899 -0.128796 -0.182208
2 -0.128332 0.799225 0.274208 -0.110454 0.780521 0.266776
2 0.736301 0.604608 0.445691 0.735103 0.602635 0.439759
2 0.555358 0.474279 0.119988 0.563847 0.477845 0.131878
2 0.187455 -0.100297 -0.182862 0.17025 -0.0877525 -0.183651
2 0.433967 -0.535824 -0.123237 0.43336 -0.521674 -0.119796
2 -0.104454 -0.0785131 -0.180246 -0.124254 -0.0941624 -0.178682
2 0.249522 -0.146954 -0.181122 0.23959 -0.139239 -0.181697
2 0.27903 0.47658 -0.0336832 0.296387 0.47427 -0.0281373
2 -0.35167 -0.944491 -0.0812232 -0.350737 -0.944683 -0.0791743
2 -0.317357 -0.587478 -0.179722 -0.314035 -0.604215 -0.191382
2 0.420004 -0.395623 -0.105665 0.422469 -0.405013 -0.10511
2 0.424836 -0.417139 -0.105349 0.422469 -0.405013 -0.10511
2 -0.313838 -0.340126 -0.127724 -0.316871 -0.363888 -0.126537
2 -0.455095 0.42661 -0.0201389 -0.462576 0.426692 -0.0155977
2 0.176995 0.492933 -0.0658963 0.197437 0.492035 -0.059462
2 -0.189779 -0.148497 -0.170636 -0.198517 -0.156236 -0.169465
2 0.551028 -0.940829 -0.0589256 0.545564 -0.941633 -0.0516809
2 0.557765 -0.939632 -0.0689005 0.551028 -0.940829 -0.0589256
2 -0.0838636 -0.0624042 -0.182362 -0.0968102 -0.0725906 -0.180906
2 0.31836 -0.204978 -0.167474 0.32531 -0.212217 -0.16356
2 -0.294412 -0.728633 -0.261072 -0.295841 -0.716098 -0.256822
2 0.427396 -0.845656 -0.203555 0.4227 -0.819967 -0.204078
2 0.20229 -0.111054 -0.182767 0.187455 -0.100297 -0.182862
2 -0.319691 -0.394655 -0.126434 -0.319119 -0.387152 -0.1263
2 0.545681 0.470837 0.107175 0.535528 0.467624 0.0944892
2 0.348867 -0.24026 -0.151018 0.345423 -0.235515 -0.15318
2 0.0206146 0.511854 -0.147653 0.0412883 0.51707 -0.146413
2 -0.0263048 0.706533 0.229958 -0.0479812 0.724247 0.240153
2 -0.676422 0.54792 0.183298 -0.681134 0.554041 0.189484
2 -0.685673 0.560185 0.195664 -0.681134 0.554041 0.189484
2 0.427182 -0.588745 -0.143018 0.427833 -0.581941 -0.13955
2 -0.700968 0.581729 0.218071 -0.706942 0.590214 0.227326
2 -0.732352 0.673928 0.313215 -0.733584 0.679224 0.319292
2 0.00120828 0.53586 0.395929 0.000903994 0.528733 0.407499
2 -0.751569 0.734683 0.422951 -0.757049 0.723573 0.423383
2 0.0913173 0.772572 0.263178 0.0857229 0.766199 0.259681
2 0.520174 0.463542 0.0768886 0.529358 0.465843 0.0871692
2 0.237321 0.484845 -0.0460462 0.210452 0.488777 -0.0545933
2 0.417052 -0.76485 -0.198972 0.418747 -0.788327 -0.202261
2 0.218455 -0.123116 -0.182392 0.20229 -0.111054 -0.182767
2 0.420528 -0.804759 -0.203596 0.419271 -0.793828 -0.202817
2 -0.414881 0.430015 -0.0376884 -0.429217 0.428224 -0.032577
2 -0.578744 0.466005 0.0897662 -0.588543 0.471185 0.0991498
2 -0.0330688 -0.0305926 -0.192923 -0.00472602 -0.0213392 -0.202696
2 0.43027 -0.559605 -0.130084 0.431721 -0.548785 -0.126378
2 0.296387 0.47427 -0.0281373 0.324213 0.47027 -0.0203156
2 0.258603 -0.154141 -0.180281 0.249522 -0.146954 -0.181122
2 -0.666255 0.535832 0.171069 -0.676422 0.54792 0.183298
2 -0.249473 0.460357 -0.0720324 -0.25637 0.459417 -0.0708553
2 0.0210986 0.614423 0.0307571 0.0228663 0.603893 0.00771934
2 -0.526482 0.440754 0.0380484 -0.515202 0.436782 0.0272512
2 -0.144774 0.477898 -0.0979041 -0.126323 0.481155 -0.104198
2 0.424066 -0.604386 -0.148977 0.420651 -0.612605 -0.153228
2 0.0857229 0.766199 0.259681 0.0787204 0.758197 0.255313
2 0.0742832 -0.0289276 -0.187864 0.0631382 -0.0221548 -0.188814
2 -0.751569 0.734683 0.422951 -0.748954 0.733466 0.410405
2 0.152167 -0.0765359 -0.183719 0.133398 -0.0645423 -0.184355
2 0.31836 -0.204978 -0.167474 0.306505 -0.193917 -0.171406
2 0.760306 0.600703 0.605913 0.757314 0.609637 0.594778
2 0.0119952 0.040071 -0.187783 0.0144421 0.0142689 -0.193643
2 0.0114831 0.119865 -0.171729 0.0110701 0.132505 -0.169248
2 0.0145567 -0.000900802 -0.197528 0.0103296 -0.00895603 -0.201198
2 0.0434677 0.719519 0.23345 0.0597469 0.737664 0.244394
2 -0.178601 0.472198 -0.0884063 -0.167026 0.474493 -0.0918397
2 0.0154284 0.645476 0.103418 0.0134053 0.65556 0.132119
2 -0.0678433 0.740053 0.249644 -0.0479812 0.724247 0.240153
2 0.0369398 0.714169 0.229312 0.0434677 0.719519 0.23345
2 0.0114831 0.119865 -0.171729 0.0110548 0.105533 -0.174732
2 0.0103199 0.184092 -0.159049 0.0104483 0.174534 -0.16092
2 0.0105614 0.166915 -0.162396 0.0104483 0.174534 -0.16092
2 0.00975619 0.667456 0.164273 0.00910318 0.670053 0.169348
2 0.0369398 0.714169 0.229312 0.027824 0.707264 0.224248
2 0.0106957 0.15805 -0.164147 0.0110701 0.132505 -0.169248
2 0.0199473 0.620948 0.0456097 0.0210986 0.614423 0.0307571
2 0.00581241 0.680967 0.195846 0.00729742 0.67527 0.182744
2 0.0115333 0.661843 0.149685 0.0134053 0.65556 0.132119
2 0.0109629 0.262536 -0.146849 0.00933693 0.23345 -0.149973
2 0.00461781 0.68028 0.209585 0.0201624 0.701129 0.219399
2 0.0185465 0.628614 0.0635474 0.0175941 0.635946 0.0794839
2 0.0982014 0.504949 -0.11179 0.120253 0.500843 -0.0959938
2 0.0232231 0.550923 -0.110057 0.0239348 0.55727 -0.101355
2 0.01966 0.422171 -0.153781 0.0170125 0.399032 -0.149083
2 0.0239348 0.55727 -0.101355 0.0261129 0.563794 -0.0807697
2 0.0982014 0.504949 -0.11179 0.0816796 0.508788 -0.123567
2 0.0217219 0.457361 -0.161174 0.0212882 0.435983 -0.156578
2 -0.0224012 0.506466 -0.146844 -0.0371957 0.503197 -0.14416
2 0.0234435 0.538409 -0.124251 0.0232231 0.550923 -0.110057
2 0.0206146 0.511854 -0.147653 -0.00163204 0.512302 -0.148671
