2 -0.299964 0.504512 -0.0206481 -0.299852 0.511461 -0.0197636
2 -0.298258 0.569015 -0.0125026 -0.298222 0.571203 -0.0122148
2 -0.299693 0.449984 -0.0204232 -0.299817 0.461412 -0.0210211
2 -0.298258 0.569015 -0.0125026 -0.29875 0.551774 -0.0147201
2 -0.299599 0.392836 -0.01828 -0.299668 0.403317 -0.0183111
2 -0.299852 0.511461 -0.0197636 -0.299623 0.520047 -0.0187162
2 -0.299869 0.489134 -0.02114 -0.299871 0.471356 -0.0215446
2 -0.301456 0.328785 -0.0180482 -0.301201 0.336747 -0.0181292
2 -0.301456 0.328785 -0.0180482 -0.30172 0.32113 -0.0179884
2 -0.300613 0.360001 -0.0184233 -0.30089 0.346975 -0.0182403
2 -0.29972 0.414392 -0.018384 -0.299668 0.403317 -0.0183111
2 -0.299693 0.449984 -0.0204232 -0.299714 0.41853 -0.0185918
2 -0.30172 0.32113 -0.0179884 -0.302574 0.298529 -0.0178748
2 -0.30089 0.346975 -0.0182403 -0.301201 0.336747 -0.0181292
2 -0.305226 0.209416 -0.0178805 -0.305455 0.196168 -0.0179104
2 -0.303055 0.285784 -0.0178351 -0.302574 0.298529 -0.0178748
2 -0.305738 0.14804 -0.0176546 -0.305476 0.159291 -0.0177817
2 -0.303919 0.259569 -0.0178251 -0.303433 0.274961 -0.0178244
2 -0.303919 0.259569 -0.0178251 -0.304655 0.234344 -0.017841
2 -0.305403 0.118115 -0.0168062 -0.305085 0.102545 -0.015774
2 -0.304546 0.0522253 -0.0124038 -0.304503 0.0622354 -0.0130071
2 -0.302823 0.0412667 -0.0109004 -0.304546 0.0522253 -0.0124038
2 -0.305476 0.159291 -0.0177817 -0.305887 0.172799 -0.0179846
2 -0.305517 0.129743 -0.0171452 -0.305403 0.118115 -0.0168062
2 -0.301058 0.0237417 -0.0092482 -0.302276 0.0360648 -0.010361
2 -0.30158 -0.118303 0.00092068 -0.301853 -0.134352 0.0015621
2 -0.300366 0.0105139 -0.00816616 -0.299269 -0.000697721 -0.00671176
2 -0.302074 -0.150943 0.00211961 -0.302258 -0.168112 0.00262427
2 -0.300147 -0.0518171 -0.0027853 -0.299765 -0.0350419 -0.00386701
2 -0.300719 -0.0769023 -0.00118923 -0.300147 -0.0518171 -0.0027853
2 -0.303751 -0.219262 0.00386407 -0.303476 -0.210489 0.00367649
2 -0.301042 -0.0917079 -0.000357828 -0.300869 -0.0836876 -0.000794766
2 -0.302074 -0.150943 0.00211961 -0.301853 -0.134352 0.0015621
2 -0.304759 -0.254333 0.00454786 -0.305215 -0.271873 0.00484623
2 -0.302258 -0.168112 0.00262427 -0.302813 -0.191126 0.00322753
2 -0.305169 -0.354995 0.00877148 -0.304586 -0.370176 0.0101982
2 -0.304586 -0.370176 0.0101982 -0.304082 -0.381874 0.0112812
2 -0.304082 -0.381874 0.0112812 -0.303591 -0.398152 0.012361
2 -0.303591 -0.398152 0.012361 -0.303282 -0.406077 0.0128571
2 -0.305471 -0.285806 0.00480756 -0.305797 -0.305556 0.006652
2 -0.30028 -0.449358 0.0159102 -0.299363 -0.458328 0.0165543
2 -0.30562 -0.339163 0.00746627 -0.305658 -0.319766 0.00763418
2 -0.301914 -0.430352 0.0145336 -0.300869 -0.442738 0.0154282
2 -0.297876 -0.470742 0.0174298 -0.296287 -0.483918 0.018318
2 -0.294943 -0.49315 0.0189081 -0.296287 -0.483918 0.018318
2 -0.30562 -0.339163 0.00746627 -0.305169 -0.354995 0.00877148
2 -0.289993 -0.523665 0.0205536 -0.293009 -0.505316 0.0196227
2 -0.289993 -0.523665 0.0205536 -0.288538 -0.533719 0.0209458
2 -0.294943 -0.49315 0.0189081 -0.293009 -0.505316 0.0196227
2 -0.281426 -0.569785 0.0220952 -0.280606 -0.577205 0.02209
2 -0.301914 -0.430352 0.0145336 -0.302454 -0.422321 0.0139646
2 -0.299363 -0.458328 0.0165543 -0.297876 -0.470742 0.0174298
2 -0.270215 -0.644655 0.0188886 -0.271015 -0.633447 0.01978
2 -0.277581 -0.59656 0.0213368 -0.275279 -0.609651 0.02084
2 -0.283587 -0.55896 0.0218055 -0.281426 -0.569785 0.0220952
2 -0.270338 -0.652707 0.0181583 -0.270844 -0.660473 0.0174071
2 -0.275279 -0.609651 0.02084 -0.27368 -0.618022 0.0204911
2 -0.272483 -0.679171 0.0155495 -0.270844 -0.660473 0.0174071
2 -0.270338 -0.652707 0.0181583 -0.270215 -0.644655 0.0188886
2 -0.133079 -0.743007 0.0231348 -0.146147 -0.736395 0.0228426
2 -0.146147 -0.736395 0.0228426 -0.160817 -0.729708 0.0222405
2 -0.207374 -0.709367 0.0200733 -0.193539 -0.715322 0.020777
2 -0.160817 -0.729708 0.0222405 -0.167278 -0.726832 0.0219587
2 0.038142 -0.81405 0.0325178 0.0206983 -0.807455 0.0313131
2 -0.222988 -0.702506 0.0192326 -0.235416 -0.696494 0.0183441
2 -0.262206 -0.691599 0.0156461 -0.285141 -0.701635 0.0120646
2 -0.262206 -0.691599 0.0156461 -0.235416 -0.696494 0.0183441
2 -0.222988 -0.702506 0.0192326 -0.207374 -0.709367 0.0200733
2 -0.0931909 -0.762781 0.0241856 -0.112291 -0.75376 0.023519
2 -0.183873 -0.719458 0.0212312 -0.193539 -0.715322 0.020777
2 -0.345108 -0.748079 -0.00188892 -0.354802 -0.756802 -0.00466105
2 -0.0534703 -0.77889 0.0265445 -0.0412809 -0.783672 0.0272394
2 0.0710514 -0.826357 0.0348717 0.0858083 -0.83184 0.0359702
2 -0.354802 -0.756802 -0.00466105 -0.370764 -0.771204 -0.00924807
2 -0.411414 -0.802471 -0.0215761 -0.383992 -0.780818 -0.0131763
2 -0.370764 -0.771204 -0.00924807 -0.383992 -0.780818 -0.0131763
2 0.337402 -0.887914 0.0730707 0.321122 -0.885561 0.0701549
2 0.271865 -0.877897 0.0615294 0.26027 -0.875885 0.0595756
2 0.372015 -0.89266 0.0795079 0.365594 -0.891805 0.0782784
2 0.337402 -0.887914 0.0730707 0.344446 -0.888915 0.0743386
2 0.192957 -0.862097 0.0490588 0.17979 -0.8588 0.0472486
2 0.234392 -0.871253 0.0552684 0.219174 -0.868154 0.0528802
2 0.392703 -0.895385 0.0835509 0.372015 -0.89266 0.0795079
2 0.207904 -0.865708 0.0511733 0.219174 -0.868154 0.0528802
2 0.207904 -0.865708 0.0511733 0.192957 -0.862097 0.0490588
2 -0.305226 0.209416 -0.0178805 -0.30487 0.225403 -0.017854
2 -0.302813 -0.191126 0.00322753 -0.303014 -0.196577 0.00335876
2 -0.280606 -0.577205 0.02209 -0.277581 -0.59656 0.0213368
2 -0.00673525 -0.797052 0.0294284 -0.0199086 -0.791988 0.0285475
2 0.111815 -0.839975 0.038757 0.0990052 -0.836012 0.0373523
2 0.049853 -0.81845 0.0333455 0.0559477 -0.820737 0.0337793
2 -0.301417 -0.109922 0.000535653 -0.301042 -0.0917079 -0.000357828
2 0.287086 -0.880345 0.0641659 0.271865 -0.877897 0.0615294
2 0.26027 -0.875885 0.0595756 0.24515 -0.873192 0.0570539
2 0.128971 -0.845227 0.0406574 0.146482 -0.85024 0.0427713
2 -0.299599 0.392836 -0.01828 -0.299734 0.384351 -0.0184621
2 -0.303476 -0.210489 0.00367649 -0.303014 -0.196577 0.00335876
2 0.049853 -0.81845 0.0333455 0.038142 -0.81405 0.0325178
2 0.121064 -0.84283 0.0397678 0.128971 -0.845227 0.0406574
2 0.0858083 -0.83184 0.0359702 0.0990052 -0.836012 0.0373523
2 0.287086 -0.880345 0.0641659 0.299306 -0.882313 0.0662814
2 0.354428 -0.89032 0.0761401 0.344446 -0.888915 0.0743386
2 0.307661 -0.883575 0.0677583 0.321122 -0.885561 0.0701549
2 0.167314 -0.855659 0.0455413 0.17979 -0.8588 0.0472486
2 0.0710514 -0.826357 0.0348717 0.0559477 -0.820737 0.0337793
2 -0.299388 -0.0179064 -0.00503392 -0.299264 -0.00995398 -0.0056853
2 -0.301417 -0.109922 0.000535653 -0.30158 -0.118303 0.00092068
2 -0.304635 -0.249741 0.00446413 -0.304334 -0.238802 0.00425999
2 -0.272689 -0.623241 0.0202717 -0.271015 -0.633447 0.01978
2 -0.112291 -0.75376 0.023519 -0.120283 -0.749587 0.0233828
2 0.00699072 -0.802271 0.030367 -0.00673525 -0.797052 0.0294284
2 0.24515 -0.873192 0.0570539 0.234392 -0.871253 0.0552684
2 0.0206983 -0.807455 0.0313131 0.00699072 -0.802271 0.030367
2 -0.33056 -0.73486 0.00224503 -0.306819 -0.717771 0.00740812
2 0.365594 -0.891805 0.0782784 0.354428 -0.89032 0.0761401
2 0.307661 -0.883575 0.0677583 0.299306 -0.882313 0.0662814
2 0.167314 -0.855659 0.0455413 0.146482 -0.85024 0.0427713
2 -0.0320803 -0.787283 0.0277665 -0.0199086 -0.791988 0.0285475
2 0.121064 -0.84283 0.0397678 0.111815 -0.839975 0.038757
2 -0.299734 0.384351 -0.0184621 -0.300354 0.368893 -0.0183844
2 -0.303055 0.285784 -0.0178351 -0.303433 0.274961 -0.0178244
2 -0.299765 -0.0350419 -0.00386701 -0.299388 -0.0179064 -0.00503392
2 -0.303751 -0.219262 0.00386407 -0.304088 -0.230347 0.00409374
2 -0.305797 -0.305556 0.006652 -0.305658 -0.319766 0.00763418
2 -0.302826 -0.415605 0.0134987 -0.302454 -0.422321 0.0139646
2 -0.272689 -0.623241 0.0202717 -0.27368 -0.618022 0.0204911
2 -0.133079 -0.743007 0.0231348 -0.120283 -0.749587 0.0233828
2 -0.0931909 -0.762781 0.0241856 -0.0534703 -0.77889 0.0265445
2 -0.0412809 -0.783672 0.0272394 -0.0320803 -0.787283 0.0277665
2 -0.286199 -0.545892 0.0214057 -0.283587 -0.55896 0.0218055
2 -0.30491 0.0947678 -0.0152316 -0.305085 0.102545 -0.015774
2 -0.304655 0.234344 -0.017841 -0.30487 0.225403 -0.017854
2 -0.299869 0.489134 -0.02114 -0.299964 0.504512 -0.0206481
2 -0.305738 0.14804 -0.0176546 -0.305591 0.137192 -0.0173931
2 -0.302167 0.160942 -0.0166572 -0.305476 0.159291 -0.0177817
2 -0.30572 0.180098 -0.0179523 -0.305887 0.172799 -0.0179846
2 -0.302823 0.0412667 -0.0109004 -0.302276 0.0360648 -0.010361
2 -0.304503 0.0622354 -0.0130071 -0.30491 0.0947678 -0.0152316
2 -0.305215 -0.271873 0.00484623 -0.305471 -0.285806 0.00480756
2 -0.304334 -0.238802 0.00425999 -0.304088 -0.230347 0.00409374
2 -0.303282 -0.406077 0.0128571 -0.302826 -0.415605 0.0134987
2 -0.286199 -0.545892 0.0214057 -0.288538 -0.533719 0.0209458
2 -0.262206 -0.691599 0.0156461 -0.272483 -0.679171 0.0155495
2 -0.345108 -0.748079 -0.00188892 -0.33056 -0.73486 0.00224503
2 -0.299264 -0.00995398 -0.0056853 -0.299269 -0.000697721 -0.00671176
2 -0.300366 0.0105139 -0.00816616 -0.301058 0.0237417 -0.0092482
2 -0.305455 0.196168 -0.0179104 -0.30572 0.180098 -0.0179523
2 -0.305591 0.137192 -0.0173931 -0.305517 0.129743 -0.0171452
2 -0.300719 -0.0769023 -0.00118923 -0.300869 -0.0836876 -0.000794766
2 -0.30028 -0.449358 0.0159102 -0.300869 -0.442738 0.0154282
2 -0.304759 -0.254333 0.00454786 -0.304635 -0.249741 0.00446413
2 -0.299871 0.471356 -0.0215446 -0.299817 0.461412 -0.0210211
2 -0.29972 0.414392 -0.018384 -0.299714 0.41853 -0.0185918
2 -0.300613 0.360001 -0.0184233 -0.300354 0.368893 -0.0183844
2 -0.285141 -0.701635 0.0120646 -0.306819 -0.717771 0.00740812
2 -0.167278 -0.726832 0.0219587 -0.183873 -0.719458 0.0212312
2 -0.299623 0.520047 -0.0187162 -0.299514 0.52434 -0.0181844
2 -0.29875 0.551774 -0.0147201 -0.299261 0.533495 -0.0170472
2 -0.299261 0.533495 -0.0170472 -0.299514 0.52434 -0.0181844
2 -0.29801 0.579709 -0.0110625 -0.298222 0.571203 -0.0122148
