2 -0.40864 -0.128461 0.0406461 -0.42304 -0.127965 0.0325733
2 -0.198817 -0.0893787 0.1138 -0.189131 -0.0837038 0.116483
2 0.433124 -0.138455 -0.798136 0.421679 -0.138671 -0.806339
2 0.206194 -0.141366 -0.783088 0.194812 -0.141301 -0.773896
2 0.0361401 -0.0984578 -0.0150609 0.0489286 -0.104229 -0.0222006
2 -0.0779213 -0.140691 -0.515463 -0.0811423 -0.140786 -0.503737
2 0.0634052 -0.0495552 0.133753 0.0569728 -0.0474518 0.129534
2 -0.114571 -0.048796 0.111419 -0.136546 -0.0546672 0.117453
2 0.585193 -0.128555 -0.106045 0.576038 -0.127975 -0.111033
2 0.656285 -0.127131 0.339837 0.644029 -0.127136 0.348657
2 0.201558 -0.127491 0.61378 0.203138 -0.127057 0.623979
2 -0.40864 -0.128461 0.0406461 -0.398739 -0.128775 0.0461015
2 -0.400935 -0.128085 0.42399 -0.395435 -0.128336 0.411407
2 -0.353038 -0.130593 0.339234 -0.342567 -0.130753 0.326892
2 0.359735 -0.208376 -0.389436 0.374809 -0.20841 -0.392465
2 0.638564 -0.130252 -0.0642118 0.625769 -0.129954 -0.0765198
2 -0.0240527 -0.0777061 0.0132478 -0.0335164 -0.0805288 0.00621402
2 -0.421142 -0.209294 -0.490193 -0.427912 -0.209147 -0.496261
2 -0.0176656 -0.137757 -0.195036 -0.0105188 -0.138336 -0.208747
2 0.26954 -0.211371 -0.333159 0.260086 -0.211849 -0.323764
2 -0.209876 -0.169882 -0.134912 -0.21512 -0.173997 -0.141273
2 -0.0582454 -0.126083 -0.116186 -0.0575599 -0.123133 -0.103742
2 0.123923 -0.140029 -0.685086 0.121737 -0.140001 -0.681035
2 -0.481436 -0.139742 -0.688913 -0.473567 -0.140185 -0.679943
2 -0.382926 -0.139773 -0.961032 -0.391037 -0.13974 -0.96017
2 -0.402649 -0.139913 -0.958026 -0.391037 -0.13974 -0.96017
2 -0.0570726 -0.140188 -0.701198 -0.0556459 -0.140096 -0.693521
2 -0.104427 -0.142315 -0.276395 -0.103633 -0.142391 -0.269961
2 -0.101834 -0.141612 -0.412099 -0.104078 -0.141745 -0.398365
2 -0.0933856 -0.141181 -0.454236 -0.095322 -0.141259 -0.445485
2 -0.104427 -0.142315 -0.276395 -0.105975 -0.142303 -0.285504
2 -0.0626901 -0.102014 -0.0385653 -0.0578769 -0.106694 -0.0529615
2 0.0071598 -0.138895 -0.242556 0.0162419 -0.138957 -0.259496
2 -0.0579721 -0.118241 -0.0868683 -0.0574356 -0.111808 -0.0671109
2 -0.0709834 -0.0437142 0.0945129 -0.0868959 -0.0421883 0.103876
2 0.233246 -0.212726 -0.293321 0.240132 -0.212652 -0.301905
2 -0.775892 -0.209172 -0.321272 -0.780624 -0.208925 -0.335623
2 -0.767959 -0.209449 -0.305916 -0.775892 -0.209172 -0.321272
2 -0.785525 -0.209188 -0.37547 -0.785615 -0.209424 -0.366703
2 -0.562295 -0.209486 -0.56067 -0.577677 -0.209527 -0.562507
2 -0.387975 -0.209261 -0.454644 -0.40303 -0.209116 -0.473346
2 0.0575655 -0.108687 -0.0286656 0.0489286 -0.104229 -0.0222006
2 -0.206715 -0.0943409 0.191206 -0.191399 -0.083142 0.173776
2 -0.166242 -0.142608 -0.0962491 -0.157704 -0.137773 -0.0893742
2 -0.198817 -0.0893787 0.1138 -0.207588 -0.0941997 0.111397
2 0.0159762 -0.03994 0.110058 0.0283929 -0.0420028 0.116095
2 -0.364177 -0.127842 -0.254249 -0.353548 -0.127725 -0.254882
2 -0.457819 -0.129402 -0.243568 -0.443427 -0.129119 -0.247216
2 -0.508543 -0.129836 -0.217421 -0.513833 -0.129681 -0.210727
2 0.555229 -0.127537 0.372918 0.561942 -0.127494 0.372611
2 0.656285 -0.127131 0.339837 0.668396 -0.127208 0.329322
2 0.731831 -0.127933 0.167703 0.731348 -0.128117 0.152935
2 0.56408 -0.127255 -0.117129 0.576038 -0.127975 -0.111033
2 0.67317 -0.130489 -0.0254042 0.679979 -0.130322 -0.0151432
2 0.388266 -0.127246 -0.137202 0.400714 -0.127068 -0.139038
2 -0.316453 -0.126539 0.0805636 -0.301971 -0.125429 0.0850439
2 -0.535114 -0.12685 -0.121405 -0.532308 -0.126624 -0.10969
2 -0.378092 -0.128393 0.756413 -0.363015 -0.128295 0.771181
2 -0.248945 -0.114817 0.240788 -0.257823 -0.11763 0.249209
2 0.144248 -0.125386 -0.0336163 0.132534 -0.124455 -0.0330658
2 0.359735 -0.208376 -0.389436 0.340691 -0.208645 -0.382026
2 -0.273361 -0.209045 -0.259149 -0.269467 -0.208303 -0.249806
2 -0.413383 -0.130466 0.688617 -0.418452 -0.130458 0.669582
2 -0.301651 -0.128926 0.290719 -0.292903 -0.12714 0.282778
2 -0.407741 -0.130243 0.705407 -0.413383 -0.130466 0.688617
2 0.225894 -0.129796 0.521934 0.219873 -0.129924 0.532418
2 0.23498 -0.129579 0.50672 0.230435 -0.129707 0.514
2 0.321611 -0.127146 0.836776 0.319955 -0.12716 0.847801
2 0.373818 -0.127426 -0.134498 0.358951 -0.127533 -0.130621
2 0.504704 -0.127346 0.364085 0.516606 -0.127604 0.370641
2 0.499813 -0.127534 0.183143 0.513561 -0.127578 0.179658
2 -0.364177 -0.127842 -0.254249 -0.38101 -0.128041 -0.253311
2 -0.408253 -0.128439 -0.251812 -0.38101 -0.128041 -0.253311
2 -0.231817 -0.126914 -0.435876 -0.227312 -0.126907 -0.427361
2 0.139173 -0.16816 -0.138623 0.13515 -0.165277 -0.134137
2 -0.40303 -0.209116 -0.473346 -0.413816 -0.20911 -0.482261
2 -0.649639 -0.208821 -0.554095 -0.637206 -0.209048 -0.557723
2 -0.761331 -0.209597 -0.295508 -0.755847 -0.20951 -0.288684
2 -0.562288 -0.208301 -0.34411 -0.562571 -0.20854 -0.329927
2 0.807647 -0.2088 -0.39032 0.805563 -0.208854 -0.38091
2 0.486535 -0.20976 -0.378116 0.495051 -0.209414 -0.374864
2 -0.0908626 -0.111413 -0.0527339 -0.0626901 -0.102014 -0.0385653
2 -0.429422 -0.140318 -0.659151 -0.439403 -0.140441 -0.660607
2 -0.449707 -0.140408 -0.664796 -0.439403 -0.140441 -0.660607
2 0.311542 -0.140373 -0.827826 0.328322 -0.140143 -0.830446
2 -0.0592746 -0.130401 -0.140652 -0.0593363 -0.129099 -0.133211
2 0.641579 -0.140193 -0.735053 0.634617 -0.140268 -0.732359
2 0.399923 -0.13912 -0.817791 0.408658 -0.138956 -0.813826
2 0.345256 -0.139912 -0.831493 0.328322 -0.140143 -0.830446
2 0.545895 -0.140037 -0.587412 0.540046 -0.140291 -0.590683
2 0.0717112 -0.139885 -0.543976 0.076315 -0.139901 -0.560936
2 0.0913643 -0.139823 -0.610219 0.0950106 -0.139819 -0.620655
2 0.149082 -0.140544 -0.726207 0.144727 -0.140428 -0.719975
2 -0.511764 -0.14072 -0.877075 -0.514381 -0.140657 -0.869702
2 -0.518533 -0.139548 -0.758346 -0.516071 -0.139644 -0.749831
2 -0.512206 -0.139495 -0.738295 -0.516071 -0.139644 -0.749831
2 -0.512206 -0.139495 -0.738295 -0.508345 -0.139312 -0.728326
2 -0.353515 -0.139274 -0.962246 -0.367001 -0.139432 -0.962034
2 -0.277424 -0.138679 -0.945959 -0.286013 -0.138763 -0.948899
2 -0.458829 -0.141256 -0.936402 -0.472362 -0.141316 -0.927783
2 -0.223357 -0.138066 -0.920294 -0.206365 -0.138312 -0.909613
2 -0.223357 -0.138066 -0.920294 -0.235979 -0.13814 -0.927489
2 -0.143815 -0.140122 -0.858896 -0.13423 -0.139843 -0.848836
2 -0.106955 -0.142272 -0.292094 -0.105975 -0.142303 -0.285504
2 -0.0841838 -0.140168 -0.776451 -0.0920839 -0.140361 -0.790869
2 -0.108615 -0.142254 -0.318342 -0.108605 -0.142314 -0.307794
2 -0.0811423 -0.140786 -0.503737 -0.0829915 -0.140821 -0.496693
2 -0.107404 -0.141942 -0.370896 -0.108127 -0.142028 -0.359938
2 -0.0821936 -0.139609 -0.21021 -0.0761631 -0.138277 -0.195244
2 -0.0350359 -0.136261 -0.176146 -0.0391102 -0.135681 -0.171476
2 -0.0571778 -0.133543 -0.159571 -0.0391102 -0.135681 -0.171476
2 -0.0428847 -0.0524231 0.0637709 -0.0466436 -0.0478944 0.0764498
2 -0.288046 -0.122936 0.0894647 -0.301971 -0.125429 0.0850439
2 0.548937 -0.209342 -0.329423 0.560249 -0.209181 -0.32109
2 0.754432 -0.208956 -0.274098 0.747943 -0.20904 -0.268751
2 0.79208 -0.209708 -0.328619 0.787175 -0.209523 -0.31844
2 0.800005 -0.210752 -0.355882 0.803722 -0.210634 -0.367862
2 0.158685 -0.184376 -0.16602 0.162745 -0.187976 -0.173587
2 0.174848 -0.198106 -0.197768 0.177813 -0.200273 -0.203703
2 -0.56401 -0.207999 -0.359698 -0.566109 -0.20781 -0.36825
2 -0.6054 -0.209223 -0.260158 -0.59651 -0.209087 -0.264952
2 -0.61977 -0.209201 -0.253743 -0.612446 -0.209229 -0.256646
2 -0.748765 -0.209453 -0.485773 -0.755287 -0.209413 -0.476314
2 -0.613667 -0.209429 -0.561112 -0.595026 -0.209391 -0.563507
2 -0.366878 -0.209294 -0.426076 -0.360373 -0.209309 -0.415605
2 -0.298713 -0.209802 -0.312505 -0.304174 -0.209778 -0.323622
2 -0.540531 -0.210008 -0.557727 -0.548638 -0.209804 -0.558618
2 0.118949 -0.153795 -0.115357 0.132246 -0.162974 -0.130394
2 -0.228336 -0.105301 0.106159 -0.237492 -0.109523 0.10369
2 -0.231817 -0.126914 -0.435876 -0.240088 -0.127066 -0.447406
2 -0.215369 -0.127115 -0.393591 -0.216932 -0.127028 -0.400706
2 -0.235705 -0.127736 -0.295778 -0.22955 -0.127775 -0.302447
2 0.486906 -0.127474 0.187603 0.499813 -0.127534 0.183143
2 0.494842 -0.12734 0.358057 0.485784 -0.127289 0.351446
2 0.555229 -0.127537 0.372918 0.549555 -0.127574 0.373042
2 0.577105 -0.127401 0.371364 0.568 -0.127456 0.372217
2 0.731052 -0.127835 0.179411 0.729926 -0.127737 0.19226
2 0.66246 -0.130628 -0.0394561 0.647768 -0.130456 -0.0553109
2 0.00118189 -0.127037 0.674971 0.0026202 -0.12704 0.686226
2 -0.0346557 -0.127014 0.608674 -0.0277535 -0.127018 0.61383
2 -0.157867 -0.12704 0.615838 -0.148554 -0.127 0.607716
2 -0.421611 -0.127785 0.499588 -0.419697 -0.127728 0.488745
2 -0.426094 -0.128048 0.53187 -0.427301 -0.128172 0.544425
2 0.301782 -0.127201 0.931046 0.298544 -0.127155 0.94185
2 0.295966 -0.12825 0.406973 0.293757 -0.128328 0.41266
2 0.271188 -0.128773 0.452841 0.264151 -0.128896 0.463258
2 -0.154848 -0.0639677 0.121586 -0.136546 -0.0546672 0.117453
2 -0.524086 -0.126559 -0.087391 -0.529575 -0.126497 -0.101332
2 -0.351353 -0.128729 0.0691836 -0.34325 -0.128282 0.0718562
2 -0.351353 -0.128729 0.0691836 -0.357306 -0.128877 0.0667337
2 -0.400935 -0.128085 0.42399 -0.407415 -0.127837 0.442002
2 -0.257823 -0.11763 0.249209 -0.272624 -0.122141 0.263204
2 -0.428134 -0.128992 0.594897 -0.42846 -0.128781 0.587352
2 0.197125 -0.115897 0.226349 0.187305 -0.112426 0.22038
2 0.272919 -0.12907 0.283477 0.265493 -0.128625 0.275803
2 -0.0523429 -0.1402 -0.643342 -0.0527245 -0.140213 -0.634945
2 0.466598 -0.138797 -0.740079 0.474273 -0.139246 -0.719577
2 0.631051 -0.139341 -0.577858 0.622265 -0.138908 -0.575563
2 -0.518768 -0.140597 -0.854036 -0.516622 -0.140614 -0.862672
2 0.209432 -0.127425 0.637886 0.216513 -0.127781 0.64983
2 0.302928 -0.127345 -0.106783 0.291798 -0.127297 -0.0994915
2 0.724597 -0.128996 0.0850447 0.719471 -0.129199 0.0657601
2 -0.296138 -0.128352 -0.487205 -0.292071 -0.128336 -0.486005
2 -0.106085 -0.140004 -0.813142 -0.113141 -0.139699 -0.822729
2 -0.357306 -0.128877 0.0667337 -0.368086 -0.129098 0.0612051
2 -0.106824 -0.126947 0.594283 -0.0908038 -0.126961 0.593421
2 -0.0582454 -0.126083 -0.116186 -0.0593363 -0.129099 -0.133211
2 0.155221 -0.10024 0.198666 0.165077 -0.104178 0.206332
2 -0.649639 -0.208821 -0.554095 -0.664388 -0.208812 -0.54758
2 -0.742464 -0.20938 -0.493368 -0.748765 -0.209453 -0.485773
2 0.591585 -0.127319 0.369249 0.577105 -0.127401 0.371364
2 0.644029 -0.127136 0.348657 0.631214 -0.127142 0.355894
2 -0.340583 -0.128439 0.788746 -0.349614 -0.12831 0.782871
2 -0.507051 -0.126676 -0.0557538 -0.513664 -0.126693 -0.0668681
2 0.246084 -0.127643 0.688152 0.252575 -0.127473 0.695163
2 0.094704 -0.137213 -0.085184 0.0997776 -0.140265 -0.0909078
2 0.399923 -0.13912 -0.817791 0.384706 -0.139359 -0.824081
2 0.111367 -0.0782882 0.171803 0.109324 -0.0770965 0.170359
2 -0.232202 -0.188857 -0.166072 -0.237851 -0.193877 -0.176681
2 -0.441484 -0.127207 0.0216005 -0.448273 -0.127208 0.0145954
2 0.214228 -0.120073 0.237108 0.21066 -0.1193 0.234666
2 0.278188 -0.128665 0.442119 0.283993 -0.128565 0.432678
2 -0.13016 -0.126953 0.600754 -0.11922 -0.126954 0.596417
2 -0.199149 -0.12763 0.730715 -0.202396 -0.127334 0.744858
2 -0.206715 -0.0943409 0.191206 -0.214868 -0.0994218 0.201378
2 0.0749493 -0.124398 -0.0598534 0.0771992 -0.125905 -0.0628269
2 -0.0578769 -0.106694 -0.0529615 -0.0574356 -0.111808 -0.0671109
2 -0.197873 -0.161719 -0.123317 -0.209876 -0.169882 -0.134912
2 -0.0527978 -0.140131 -0.670474 -0.0523136 -0.14016 -0.661311
2 -0.0527978 -0.140131 -0.670474 -0.0541026 -0.140098 -0.682906
2 -0.367001 -0.139432 -0.962034 -0.382926 -0.139773 -0.961032
2 0.707254 -0.139113 -0.665469 0.702619 -0.139567 -0.65131
2 0.00535507 -0.0882072 -0.00222506 0.0157927 -0.0916356 -0.00658304
2 -0.0322563 -0.0719857 0.0231984 -0.0240527 -0.0777061 0.0132478
2 0.188042 -0.128457 -0.0423662 0.168092 -0.127702 -0.0372824
2 0.512966 -0.141544 -0.621045 0.504914 -0.14178 -0.636308
2 0.461618 -0.138598 -0.752104 0.466598 -0.138797 -0.740079
2 0.0375024 -0.138241 -0.345993 0.0403715 -0.138089 -0.369167
2 -0.499376 -0.139395 -0.711363 -0.490982 -0.1396 -0.700739
2 -0.353515 -0.139274 -0.962246 -0.339931 -0.139154 -0.961082
2 -0.492882 -0.141125 -0.909002 -0.48288 -0.1412 -0.919292
2 -0.038905 -0.0583996 0.0499715 -0.0421998 -0.0549588 0.0572841
2 0.0575655 -0.108687 -0.0286656 0.0650238 -0.117068 -0.0455868
2 0.150095 -0.0979037 0.195886 0.139629 -0.0930424 0.190188
2 0.0997693 -0.0716525 0.162967 0.0861544 -0.0625729 0.150461
2 0.734387 -0.208907 -0.259821 0.743803 -0.209105 -0.266084
2 0.609468 -0.208965 -0.276744 0.621005 -0.208885 -0.269197
2 0.694795 -0.208445 -0.251285 0.703641 -0.208437 -0.252255
2 0.27915 -0.210873 -0.342206 0.288419 -0.210429 -0.349763
2 0.190689 -0.207443 -0.22863 0.185372 -0.204652 -0.218442
2 0.171708 -0.195541 -0.191236 0.166614 -0.191239 -0.180569
2 -0.780934 -0.209097 -0.416579 -0.782991 -0.209055 -0.406077
2 -0.78384 -0.209167 -0.347845 -0.784882 -0.209174 -0.357194
2 -0.174017 -0.0720525 0.147146 -0.179378 -0.0750668 0.155964
2 -0.106236 -0.116715 -0.0604408 -0.116921 -0.120663 -0.0664093
2 -0.154848 -0.0639677 0.121586 -0.17816 -0.076566 0.125074
2 -0.0160687 -0.0394143 0.0973495 0.00390824 -0.0393739 0.10553
2 -0.244769 -0.111897 0.101824 -0.237492 -0.109523 0.10369
2 -0.256957 -0.115705 0.0992062 -0.244769 -0.111897 0.101824
2 -0.349413 -0.127882 -0.484171 -0.336688 -0.12803 -0.487056
2 -0.22164 -0.126945 -0.414246 -0.227312 -0.126907 -0.427361
2 -0.311377 -0.127766 -0.260159 -0.297392 -0.127908 -0.262825
2 -0.292883 -0.12797 -0.263786 -0.281565 -0.128122 -0.266371
2 -0.513833 -0.129681 -0.210727 -0.530239 -0.129014 -0.189119
2 -0.486506 -0.129787 -0.231701 -0.470758 -0.129613 -0.23934
2 0.445855 -0.127043 0.224654 0.452331 -0.127117 0.213768
2 0.440481 -0.12732 0.287121 0.437772 -0.127357 0.262673
2 0.478374 -0.127292 0.345386 0.464778 -0.127256 0.332372
2 0.516606 -0.127604 0.370641 0.529273 -0.127639 0.372423
2 0.679979 -0.130322 -0.0151432 0.687918 -0.130093 -0.00234866
2 0.46519 -0.125987 -0.140483 0.449812 -0.126321 -0.141145
2 -0.000370942 -0.127049 0.72679 0.00173065 -0.127045 0.713744
2 0.00118189 -0.127037 0.674971 -0.000874291 -0.127035 0.66408
2 -0.421366 -0.130293 0.656053 -0.418452 -0.130458 0.669582
2 0.321611 -0.127146 0.836776 0.320895 -0.127159 0.822803
2 0.258007 -0.127387 0.701121 0.252575 -0.127473 0.695163
2 0.29004 -0.128408 0.421964 0.283993 -0.128565 0.432678
2 0.315765 -0.127145 0.790382 0.311663 -0.127155 0.77998
2 0.303142 -0.129047 0.331098 0.298754 -0.129329 0.319744
2 -0.101176 -0.0455202 0.10779 -0.0868959 -0.0421883 0.103876
2 0.0470231 -0.0454864 0.124956 0.0283929 -0.0420028 0.116095
2 -0.461503 -0.127206 0.00102567 -0.470853 -0.127137 -0.00859098
2 -0.536704 -0.126954 -0.132221 -0.535114 -0.12685 -0.121405
2 -0.374773 -0.129405 0.371556 -0.380005 -0.129114 0.380631
2 -0.400666 -0.129456 0.723399 -0.407741 -0.130243 0.705407
2 0.10796 -0.118789 -0.0282277 0.132534 -0.124455 -0.0330658
2 -0.197873 -0.161719 -0.123317 -0.189062 -0.155918 -0.114974
2 -0.427912 -0.209147 -0.496261 -0.434821 -0.209303 -0.503337
2 0.304555 -0.12719 0.92093 0.307478 -0.127182 0.910096
2 0.747943 -0.20904 -0.268751 0.743803 -0.209105 -0.266084
2 0.190689 -0.207443 -0.22863 0.194354 -0.208489 -0.234981
2 -0.391903 -0.139337 -0.66045 -0.37421 -0.139045 -0.66515
2 0.213035 -0.12863 -0.0498952 0.203189 -0.128814 -0.0464816
2 -0.396475 -0.12786 -0.460584 -0.387328 -0.127056 -0.467946
2 -0.256107 -0.126619 0.802162 -0.246015 -0.126521 0.797326
2 0.466821 -0.12733 0.197921 0.483711 -0.127452 0.189162
2 -0.303196 -0.128335 -0.488464 -0.311417 -0.128288 -0.489194
2 0.308615 -0.209603 -0.363922 0.29685 -0.210038 -0.356314
2 -0.280965 -0.124346 0.270909 -0.288151 -0.12604 0.278093
2 -0.42304 -0.127965 0.0325733 -0.432235 -0.127614 0.0273905
2 0.255471 -0.127945 0.26567 0.240974 -0.125955 0.253623
2 0.241628 -0.129411 0.496482 0.23498 -0.129579 0.50672
2 0.211942 -0.129908 0.550326 0.219873 -0.129924 0.532418
2 0.310772 -0.127173 0.897314 0.314971 -0.127162 0.879761
2 -0.427159 -0.129353 0.611958 -0.428134 -0.128992 0.594897
2 -0.427764 -0.128308 0.553666 -0.428071 -0.128556 0.567212
2 -0.363015 -0.128295 0.771181 -0.349614 -0.12831 0.782871
2 -0.315592 -0.129068 0.800766 -0.326478 -0.128749 0.796026
2 -0.218518 -0.12679 0.777354 -0.236006 -0.126624 0.791512
2 0.616546 -0.129671 -0.0848466 0.625769 -0.129954 -0.0765198
2 0.46519 -0.125987 -0.140483 0.478619 -0.125914 -0.139309
2 0.670867 -0.130517 -0.0285727 0.67317 -0.130489 -0.0254042
2 0.726198 -0.127615 0.214008 0.723222 -0.127585 0.225384
2 0.478374 -0.127292 0.345386 0.485784 -0.127289 0.351446
2 -0.260989 -0.12769 -0.46918 -0.249598 -0.127226 -0.459267
2 0.094704 -0.137213 -0.085184 0.0913482 -0.135004 -0.0807827
2 -0.146764 -0.132915 -0.0831161 -0.157704 -0.137773 -0.0893742
2 -0.311833 -0.20975 -0.339394 -0.304174 -0.209778 -0.323622
2 -0.246432 -0.199724 -0.194559 -0.25451 -0.20359 -0.213304
2 -0.260668 -0.205795 -0.228167 -0.25451 -0.20359 -0.213304
2 -0.764213 -0.209258 -0.461557 -0.760631 -0.209297 -0.467992
2 -0.673918 -0.209227 -0.245592 -0.68762 -0.209613 -0.247926
2 -0.639295 -0.20959 -0.247928 -0.646563 -0.209462 -0.246418
2 -0.562717 -0.208143 -0.353169 -0.562288 -0.208301 -0.34411
2 0.27915 -0.210873 -0.342206 0.26954 -0.211371 -0.333159
2 0.171708 -0.195541 -0.191236 0.174848 -0.198106 -0.197768
2 0.67735 -0.208419 -0.250443 0.65807 -0.208348 -0.253204
2 0.470403 -0.209745 -0.38497 0.452845 -0.209751 -0.390676
2 0.642875 -0.208632 -0.256827 0.65807 -0.208348 -0.253204
2 -0.207588 -0.0941997 0.111397 -0.220756 -0.10137 0.107925
2 -0.191399 -0.083142 0.173776 -0.184092 -0.0779458 0.163058
2 -0.108605 -0.142314 -0.307794 -0.107473 -0.142293 -0.296608
2 -0.490982 -0.1396 -0.700739 -0.481436 -0.139742 -0.688913
2 -0.522092 -0.139856 -0.774184 -0.520465 -0.140124 -0.767007
2 -0.526283 -0.140516 -0.814898 -0.522814 -0.140539 -0.8359
2 0.0325771 -0.138515 -0.314407 0.0269176 -0.13876 -0.29018
2 0.134547 -0.140194 -0.703842 0.144727 -0.140428 -0.719975
2 0.23189 -0.141298 -0.800609 0.216172 -0.141361 -0.790285
2 0.552644 -0.139823 -0.583343 0.545895 -0.140037 -0.587412
2 0.35777 -0.139734 -0.830655 0.364666 -0.139631 -0.829668
2 0.483699 -0.140056 -0.69198 0.487568 -0.140479 -0.680315
2 0.48919 -0.140692 -0.675419 0.491462 -0.141009 -0.668595
2 0.48919 -0.140692 -0.675419 0.487568 -0.140479 -0.680315
2 -0.0263469 -0.137076 -0.185187 -0.0176656 -0.137757 -0.195036
2 -0.0460948 -0.0918105 -0.0177311 -0.0429517 -0.0882659 -0.0103136
2 -0.00657435 -0.0842268 0.00339065 -0.00926126 -0.0833372 0.00467833
2 0.250941 -0.212274 -0.314071 0.260086 -0.211849 -0.323764
2 -0.0520635 -0.0967724 -0.0284781 -0.0626901 -0.102014 -0.0385653
2 -0.0660896 -0.13566 -0.174304 -0.069589 -0.136756 -0.181996
2 0.612981 -0.140391 -0.717145 0.619788 -0.140372 -0.723477
2 0.634617 -0.140268 -0.732359 0.626938 -0.140332 -0.728412
2 0.680856 -0.139471 -0.73471 0.668831 -0.139748 -0.738019
2 0.641579 -0.140193 -0.735053 0.653757 -0.140004 -0.736966
2 0.668831 -0.139748 -0.738019 0.656465 -0.139961 -0.737294
2 0.680856 -0.139471 -0.73471 0.689404 -0.139258 -0.731731
2 0.699923 -0.138859 -0.720262 0.705423 -0.138644 -0.709463
2 0.710006 -0.138452 -0.684527 0.709227 -0.138297 -0.697482
2 0.631051 -0.139341 -0.577858 0.638989 -0.139356 -0.58095
2 0.666022 -0.140198 -0.597337 0.674609 -0.140471 -0.604793
2 0.608143 -0.138838 -0.573162 0.590621 -0.138668 -0.573483
2 0.61698 -0.138937 -0.574283 0.622265 -0.138908 -0.575563
2 0.608434 -0.140406 -0.712921 0.612981 -0.140391 -0.717145
2 0.702619 -0.139567 -0.65131 0.695907 -0.13998 -0.635993
2 0.674609 -0.140471 -0.604793 0.678688 -0.140588 -0.609361
2 0.708743 -0.138863 -0.674756 0.707254 -0.139113 -0.665469
2 0.710006 -0.138452 -0.684527 0.708743 -0.138863 -0.674756
2 0.709227 -0.138297 -0.697482 0.707519 -0.138468 -0.704566
2 0.552644 -0.139823 -0.583343 0.560106 -0.137409 -0.57939
2 0.497913 -0.141969 -0.64996 0.501759 -0.141918 -0.642122
2 0.440246 -0.138365 -0.790082 0.433124 -0.138455 -0.798136
2 0.453784 -0.138433 -0.768216 0.449634 -0.138387 -0.775755
2 0.444795 -0.13837 -0.783776 0.449634 -0.138387 -0.775755
2 0.49433 -0.14149 -0.660017 0.497913 -0.141969 -0.64996
2 0.266602 -0.140991 -0.817453 0.260354 -0.141063 -0.815024
2 0.345256 -0.139912 -0.831493 0.35777 -0.139734 -0.830655
2 0.421679 -0.138671 -0.806339 0.408658 -0.138956 -0.813826
2 0.512966 -0.141544 -0.621045 0.519992 -0.14089 -0.611513
2 0.194812 -0.141301 -0.773896 0.186741 -0.141224 -0.766877
2 0.530492 -0.139963 -0.597623 0.540046 -0.140291 -0.590683
2 0.127374 -0.140068 -0.69143 0.134547 -0.140194 -0.703842
2 0.109317 -0.139881 -0.656393 0.11376 -0.139921 -0.66583
2 0.102861 -0.139837 -0.641604 0.0985175 -0.139824 -0.630227
2 0.579521 -0.138459 -0.574294 0.57031 -0.138147 -0.576285
2 0.102861 -0.139837 -0.641604 0.109317 -0.139881 -0.656393
2 0.0447485 -0.138226 -0.408052 0.0464934 -0.138373 -0.421366
2 0.160712 -0.140816 -0.741348 0.155367 -0.140691 -0.734456
2 0.0615974 -0.139597 -0.503623 0.0641144 -0.139721 -0.514261
2 0.0515228 -0.138822 -0.454002 0.0491559 -0.13861 -0.439495
2 0.0491559 -0.13861 -0.439495 0.0464934 -0.138373 -0.421366
2 0.0447485 -0.138226 -0.408052 0.0432537 -0.138136 -0.395154
2 0.160712 -0.140816 -0.741348 0.167494 -0.140941 -0.748457
2 -0.388864 -0.138894 -0.789579 -0.377816 -0.13908 -0.794849
2 -0.396988 -0.138771 -0.78575 -0.406852 -0.138722 -0.781873
2 -0.31987 -0.13942 -0.763299 -0.329075 -0.139781 -0.776524
2 -0.318682 -0.138751 -0.705267 -0.323813 -0.138737 -0.697441
2 -0.312662 -0.139118 -0.749144 -0.31987 -0.13942 -0.763299
2 -0.318682 -0.138751 -0.705267 -0.313567 -0.138754 -0.715053
2 -0.309021 -0.138882 -0.733271 -0.310369 -0.138819 -0.725689
2 -0.353825 -0.140935 -0.801793 -0.367767 -0.13947 -0.798499
2 -0.391903 -0.139337 -0.66045 -0.409529 -0.1397 -0.658666
2 -0.409529 -0.1397 -0.658666 -0.421572 -0.140019 -0.658581
2 -0.524581 -0.139445 -0.787208 -0.526204 -0.140004 -0.804676
2 -0.336753 -0.138773 -0.684904 -0.358905 -0.138879 -0.671471
2 -0.461667 -0.140254 -0.671345 -0.473567 -0.140185 -0.679943
2 -0.502312 -0.13953 -0.71668 -0.499376 -0.139395 -0.711363
2 -0.421572 -0.140019 -0.658581 -0.429422 -0.140318 -0.659151
2 -0.461667 -0.140254 -0.671345 -0.449707 -0.140408 -0.664796
2 -0.286013 -0.138763 -0.948899 -0.295704 -0.138857 -0.952007
2 -0.322257 -0.138996 -0.958289 -0.339931 -0.139154 -0.961082
2 -0.255294 -0.138356 -0.937003 -0.262919 -0.138481 -0.940317
2 -0.277424 -0.138679 -0.945959 -0.262919 -0.138481 -0.940317
2 -0.440081 -0.140851 -0.945654 -0.415804 -0.140136 -0.954517
2 -0.101834 -0.141612 -0.412099 -0.0998609 -0.141506 -0.423674
2 -0.108407 -0.142069 -0.35376 -0.108771 -0.142144 -0.342505
2 -0.08646 -0.140928 -0.483332 -0.0899292 -0.141052 -0.469309
2 -0.0683096 -0.140248 -0.741016 -0.072791 -0.140245 -0.752422
2 -0.0570726 -0.140188 -0.701198 -0.0591895 -0.14001 -0.711981
2 -0.0654994 -0.140344 -0.733479 -0.0620095 -0.140145 -0.721984
2 -0.0620095 -0.140145 -0.721984 -0.0591895 -0.14001 -0.711981
2 -0.061145 -0.140208 -0.579226 -0.0642748 -0.140272 -0.565823
2 -0.0696608 -0.140403 -0.54527 -0.0722315 -0.140494 -0.53594
2 -0.0523429 -0.1402 -0.643342 -0.0521123 -0.140184 -0.651757
2 -0.0521123 -0.140184 -0.651757 -0.0523136 -0.14016 -0.661311
2 -0.0545542 -0.140248 -0.617238 -0.0572266 -0.140211 -0.599626
2 -0.0978719 -0.141376 -0.433586 -0.095322 -0.141259 -0.445485
2 -0.108407 -0.142069 -0.35376 -0.108127 -0.142028 -0.359938
2 -0.106955 -0.142272 -0.292094 -0.107473 -0.142293 -0.296608
2 -0.197417 -0.138257 -0.903526 -0.187184 -0.138785 -0.895716
2 -0.511764 -0.14072 -0.877075 -0.506473 -0.140857 -0.88871
2 -0.113141 -0.139699 -0.822729 -0.118998 -0.139655 -0.830387
2 -0.123673 -0.139741 -0.836467 -0.13423 -0.139843 -0.848836
2 -0.0579721 -0.118241 -0.0868683 -0.0576686 -0.120887 -0.0952331
2 -0.0520635 -0.0967724 -0.0284781 -0.0460948 -0.0918105 -0.0177311
2 -0.0350359 -0.136261 -0.176146 -0.0263469 -0.137076 -0.185187
2 -0.106085 -0.140004 -0.813142 -0.0994707 -0.140363 -0.802569
2 -0.0908626 -0.111413 -0.0527339 -0.106236 -0.116715 -0.0604408
2 0.0071598 -0.138895 -0.242556 -0.00285566 -0.138743 -0.221743
2 -0.146764 -0.132915 -0.0831161 -0.134609 -0.127038 -0.0748214
2 -0.12737 -0.124548 -0.071871 -0.134609 -0.127038 -0.0748214
2 -0.122414 -0.122863 -0.0698762 -0.12737 -0.124548 -0.071871
2 -0.100835 -0.142514 -0.255027 -0.0965036 -0.14209 -0.243668
2 -0.0421998 -0.0549588 0.0572841 -0.0428847 -0.0524231 0.0637709
2 -0.100835 -0.142514 -0.255027 -0.103633 -0.142391 -0.269961
2 -0.0877462 -0.140806 -0.224057 -0.0821936 -0.139609 -0.21021
2 0.023868 -0.13884 -0.280211 0.0207921 -0.138888 -0.270974
2 0.0788344 -0.0581054 0.144946 0.0664308 -0.050805 0.135971
2 -0.280625 -0.121499 0.0920057 -0.266744 -0.118746 0.096371
2 0.0269176 -0.13876 -0.29018 0.023868 -0.13884 -0.280211
2 0.523081 -0.209577 -0.353209 0.514821 -0.209496 -0.360493
2 0.787175 -0.209523 -0.31844 0.781055 -0.209352 -0.307546
2 0.730165 -0.208684 -0.258385 0.734387 -0.208907 -0.259821
2 0.703641 -0.208437 -0.252255 0.717781 -0.208695 -0.255157
2 0.800005 -0.210752 -0.355882 0.796042 -0.210048 -0.339509
2 0.810228 -0.209948 -0.406155 0.807647 -0.2088 -0.39032
2 0.505711 -0.20941 -0.368121 0.495051 -0.209414 -0.374864
2 0.434326 -0.209247 -0.394183 0.452845 -0.209751 -0.390676
2 0.505711 -0.20941 -0.368121 0.514821 -0.209496 -0.360493
2 0.694795 -0.208445 -0.251285 0.67735 -0.208419 -0.250443
2 0.804628 -0.209489 -0.376475 0.805563 -0.208854 -0.38091
2 0.154683 -0.181283 -0.160834 0.146068 -0.173768 -0.147893
2 0.233246 -0.212726 -0.293321 0.227589 -0.212677 -0.28593
2 0.244162 -0.21258 -0.306825 0.240132 -0.212652 -0.301905
2 0.154683 -0.181283 -0.160834 0.158685 -0.184376 -0.16602
2 0.162745 -0.187976 -0.173587 0.166614 -0.191239 -0.180569
2 -0.564375 -0.20875 -0.31612 -0.562571 -0.20854 -0.329927
2 -0.569341 -0.207657 -0.376678 -0.566109 -0.20781 -0.36825
2 -0.562717 -0.208143 -0.353169 -0.56401 -0.207999 -0.359698
2 -0.564375 -0.20875 -0.31612 -0.567079 -0.208949 -0.303756
2 -0.573615 -0.209151 -0.288455 -0.567079 -0.208949 -0.303756
2 -0.586106 -0.209146 -0.273725 -0.573615 -0.209151 -0.288455
2 -0.590336 -0.207624 -0.400521 -0.579455 -0.20757 -0.391636
2 -0.673918 -0.209227 -0.245592 -0.655338 -0.209517 -0.245649
2 -0.699939 -0.209824 -0.251995 -0.68762 -0.209613 -0.247926
2 -0.710939 -0.209825 -0.256407 -0.699939 -0.209824 -0.251995
2 -0.639295 -0.20959 -0.247928 -0.629449 -0.209196 -0.250796
2 -0.61977 -0.209201 -0.253743 -0.629449 -0.209196 -0.250796
2 -0.726877 -0.209861 -0.264047 -0.734281 -0.209748 -0.268403
2 -0.720869 -0.209878 -0.260966 -0.726877 -0.209861 -0.264047
2 -0.767959 -0.209449 -0.305916 -0.761331 -0.209597 -0.295508
2 -0.599679 -0.20782 -0.406303 -0.602603 -0.207851 -0.407897
2 -0.59651 -0.209087 -0.264952 -0.586106 -0.209146 -0.273725
2 -0.681821 -0.208844 -0.539739 -0.6813 -0.208834 -0.539968
2 -0.694738 -0.208765 -0.534076 -0.702435 -0.208748 -0.528927
2 -0.776997 -0.209125 -0.430328 -0.772372 -0.20914 -0.444011
2 -0.760631 -0.209297 -0.467992 -0.755287 -0.209413 -0.476314
2 -0.742464 -0.20938 -0.493368 -0.730807 -0.209246 -0.506329
2 -0.780934 -0.209097 -0.416579 -0.776997 -0.209125 -0.430328
2 -0.785525 -0.209188 -0.37547 -0.78456 -0.20906 -0.391198
2 -0.764213 -0.209258 -0.461557 -0.76923 -0.209214 -0.451699
2 -0.76923 -0.209214 -0.451699 -0.772372 -0.20914 -0.444011
2 -0.720455 -0.209064 -0.515357 -0.707872 -0.208961 -0.524986
2 -0.784882 -0.209174 -0.357194 -0.785615 -0.209424 -0.366703
2 -0.442719 -0.20943 -0.509384 -0.434821 -0.209303 -0.503337
2 -0.449237 -0.209308 -0.515179 -0.463077 -0.209539 -0.524335
2 -0.449237 -0.209308 -0.515179 -0.442719 -0.20943 -0.509384
2 -0.347826 -0.209281 -0.399845 -0.343221 -0.209281 -0.390804
2 -0.373884 -0.209249 -0.435432 -0.378641 -0.209275 -0.44108
2 -0.387975 -0.209261 -0.454644 -0.378641 -0.209275 -0.44108
2 -0.340071 -0.209293 -0.385987 -0.32929 -0.209417 -0.368535
2 -0.293774 -0.209811 -0.30247 -0.28102 -0.209747 -0.276441
2 -0.273361 -0.209045 -0.259149 -0.276707 -0.209377 -0.266765
2 -0.246432 -0.199724 -0.194559 -0.237851 -0.193877 -0.176681
2 -0.486823 -0.209667 -0.539357 -0.471336 -0.20968 -0.529387
2 -0.548638 -0.209804 -0.558618 -0.562295 -0.209486 -0.56067
2 -0.577677 -0.209527 -0.562507 -0.585021 -0.209625 -0.563627
2 -0.529429 -0.209876 -0.555357 -0.540531 -0.210008 -0.557727
2 0.0361401 -0.0984578 -0.0150609 0.0157927 -0.0916356 -0.00658304
2 0.132246 -0.162974 -0.130394 0.13515 -0.165277 -0.134137
2 0.0997776 -0.140265 -0.0909078 0.109475 -0.147253 -0.104509
2 -0.0592746 -0.130401 -0.140652 -0.0571778 -0.133543 -0.159571
2 0.114795 -0.150616 -0.109845 0.109475 -0.147253 -0.104509
2 -0.189131 -0.0837038 0.116483 -0.17816 -0.076566 0.125074
2 -0.0429517 -0.0882659 -0.0103136 -0.0379394 -0.0829051 0.000865957
2 -0.0335164 -0.0805288 0.00621402 -0.0379394 -0.0829051 0.000865957
2 -0.284526 -0.12827 -0.483274 -0.292071 -0.128336 -0.486005
2 -0.361687 -0.127872 -0.480448 -0.349413 -0.127882 -0.484171
2 -0.318552 -0.128233 -0.489339 -0.323562 -0.128181 -0.488874
2 -0.311417 -0.128288 -0.489194 -0.318552 -0.128233 -0.489339
2 -0.249598 -0.127226 -0.459267 -0.240088 -0.127066 -0.447406
2 -0.213714 -0.127212 -0.386094 -0.215369 -0.127115 -0.393591
2 -0.249676 -0.127446 -0.280426 -0.235705 -0.127736 -0.295778
2 -0.21777 -0.127704 -0.320463 -0.223539 -0.127678 -0.309509
2 -0.21777 -0.127704 -0.320463 -0.213167 -0.127842 -0.336315
2 -0.211424 -0.127365 -0.372351 -0.21118 -0.127667 -0.354611
2 -0.213167 -0.127842 -0.336315 -0.21118 -0.127667 -0.354611
2 -0.281565 -0.128122 -0.266371 -0.272143 -0.128296 -0.268617
2 -0.339549 -0.127662 -0.256144 -0.353548 -0.127725 -0.254882
2 -0.508543 -0.129836 -0.217421 -0.499464 -0.129867 -0.224009
2 -0.470758 -0.129613 -0.23934 -0.463791 -0.129511 -0.241802
2 -0.463791 -0.129511 -0.241802 -0.457819 -0.129402 -0.243568
2 -0.486506 -0.129787 -0.231701 -0.499464 -0.129867 -0.224009
2 -0.261511 -0.127351 -0.271032 -0.272143 -0.128296 -0.268617
2 0.562758 -0.127154 0.240889 0.563615 -0.127122 0.245727
2 0.528603 -0.127569 0.180337 0.538733 -0.127514 0.187063
2 0.548708 -0.127426 0.199835 0.545084 -0.127464 0.19424
2 0.538733 -0.127514 0.187063 0.545084 -0.127464 0.19424
2 0.528603 -0.127569 0.180337 0.523086 -0.127588 0.17863
2 0.523086 -0.127588 0.17863 0.513561 -0.127578 0.179658
2 0.438238 -0.127189 0.248112 0.437772 -0.127357 0.262673
2 0.440481 -0.12732 0.287121 0.442895 -0.127306 0.296368
2 0.440421 -0.127078 0.239211 0.438238 -0.127189 0.248112
2 0.564093 -0.127099 0.248768 0.563615 -0.127122 0.245727
2 0.464778 -0.127256 0.332372 0.452965 -0.127284 0.318247
2 0.547443 -0.127591 0.373033 0.549555 -0.127574 0.373042
2 0.568 -0.127456 0.372217 0.561942 -0.127494 0.372611
2 0.547443 -0.127591 0.373033 0.529273 -0.127639 0.372423
2 0.678973 -0.127248 0.31714 0.673148 -0.12719 0.324481
2 0.730956 -0.12825 0.142569 0.730397 -0.128428 0.128796
2 0.731052 -0.127835 0.179411 0.731831 -0.127933 0.167703
2 0.729064 -0.127686 0.199147 0.726198 -0.127615 0.214008
2 0.728167 -0.128736 0.10553 0.728911 -0.128648 0.11206
2 0.543329 -0.126573 -0.125168 0.553319 -0.126858 -0.121428
2 0.638564 -0.130252 -0.0642118 0.647768 -0.130456 -0.0553109
2 0.631214 -0.127142 0.355894 0.611333 -0.127237 0.362778
2 0.70436 -0.127393 0.275305 0.708048 -0.127402 0.267188
2 0.708048 -0.127402 0.267188 0.712317 -0.127456 0.256965
2 0.421057 -0.126724 -0.140601 0.400714 -0.127068 -0.139038
2 0.267835 -0.127437 -0.0827202 0.284557 -0.127291 -0.0945341
2 0.514341 -0.126007 -0.132844 0.494274 -0.126076 -0.137181
2 0.235648 -0.127947 -0.0603134 0.244337 -0.127805 -0.0660953
2 0.255815 -0.127574 -0.0739087 0.244337 -0.127805 -0.0660953
2 0.226223 -0.128245 -0.0554599 0.213035 -0.12863 -0.0498952
2 0.553319 -0.126858 -0.121428 0.56408 -0.127255 -0.117129
2 0.00274554 -0.127042 0.70183 0.00173065 -0.127045 0.713744
2 0.00295701 -0.127041 0.696348 0.0026202 -0.12704 0.686226
2 0.00295701 -0.127041 0.696348 0.00274554 -0.127042 0.70183
2 -0.000874291 -0.127035 0.66408 -0.00356822 -0.127032 0.65174
2 -0.000370942 -0.127049 0.72679 -0.00169992 -0.127051 0.733431
2 -0.0195323 -0.127024 0.6222 -0.011041 -0.12703 0.633309
2 -0.0115049 -0.127068 0.770454 -0.0170706 -0.127038 0.790247
2 -0.0346557 -0.127014 0.608674 -0.0428181 -0.127006 0.603649
2 -0.0428181 -0.127006 0.603649 -0.0545563 -0.126998 0.59771
2 -0.0545563 -0.126998 0.59771 -0.0646859 -0.126988 0.594762
2 -0.106824 -0.126947 0.594283 -0.11922 -0.126954 0.596417
2 -0.0646859 -0.126988 0.594762 -0.0737387 -0.126978 0.594019
2 -0.0737387 -0.126978 0.594019 -0.0908038 -0.126961 0.593421
2 -0.13016 -0.126953 0.600754 -0.148554 -0.127 0.607716
2 -0.00356822 -0.127032 0.65174 -0.00796702 -0.127033 0.639703
2 -0.0195323 -0.127024 0.6222 -0.0277535 -0.127018 0.61383
2 -0.188949 -0.128003 0.673769 -0.190808 -0.128016 0.682884
2 -0.193001 -0.12806 0.69495 -0.190808 -0.128016 0.682884
2 -0.196183 -0.127903 0.714781 -0.199149 -0.12763 0.730715
2 -0.206525 -0.127154 0.756656 -0.211288 -0.126898 0.768007
2 -0.202396 -0.127334 0.744858 -0.205242 -0.127215 0.753471
2 -0.157867 -0.12704 0.615838 -0.163494 -0.127059 0.620687
2 -0.177189 -0.12749 0.642928 -0.171452 -0.127267 0.631754
2 -0.279102 -0.126465 0.807093 -0.264003 -0.126708 0.804131
2 -0.256107 -0.126619 0.802162 -0.264003 -0.126708 0.804131
2 -0.279102 -0.126465 0.807093 -0.290906 -0.12623 0.807416
2 -0.310956 -0.128866 0.802674 -0.315592 -0.129068 0.800766
2 -0.340583 -0.128439 0.788746 -0.326478 -0.128749 0.796026
2 -0.211288 -0.126898 0.768007 -0.218518 -0.12679 0.777354
2 -0.385226 -0.128561 0.74825 -0.389626 -0.128736 0.742559
2 -0.421366 -0.130293 0.656053 -0.42419 -0.13008 0.639763
2 -0.42419 -0.13008 0.639763 -0.425704 -0.129883 0.627793
2 0.309095 -0.12714 0.770797 0.311663 -0.127155 0.77998
2 0.29056 -0.127161 0.963027 0.288816 -0.127132 0.971205
2 0.274742 -0.127207 0.719931 0.264214 -0.127339 0.708003
2 0.319966 -0.127135 0.804101 0.31711 -0.12714 0.795319
2 0.278188 -0.128665 0.442119 0.271188 -0.128773 0.452841
2 0.302691 -0.128053 0.389706 0.304464 -0.128038 0.382284
2 0.29004 -0.128408 0.421964 0.293757 -0.128328 0.41266
2 0.230435 -0.129707 0.514 0.225894 -0.129796 0.521934
2 0.304464 -0.128038 0.382284 0.306986 -0.128133 0.367659
2 0.262243 -0.128932 0.466057 0.252417 -0.129137 0.480402
2 0.201558 -0.127491 0.61378 0.200272 -0.129087 0.596909
2 0.274742 -0.127207 0.719931 0.281315 -0.127152 0.727825
2 0.297466 -0.127123 0.751083 0.287981 -0.127124 0.737041
2 0.264151 -0.128896 0.463258 0.262243 -0.128932 0.466057
2 0.284789 -0.129407 0.297715 0.272919 -0.12907 0.283477
2 0.306388 -0.12865 0.343558 0.303142 -0.129047 0.331098
2 0.306388 -0.12865 0.343558 0.307957 -0.12833 0.354279
2 0.265493 -0.128625 0.275803 0.255471 -0.127945 0.26567
2 0.298754 -0.129329 0.319744 0.293986 -0.129469 0.310999
2 0.284789 -0.129407 0.297715 0.293986 -0.129469 0.310999
2 0.197125 -0.115897 0.226349 0.21066 -0.1193 0.234666
2 0.307957 -0.12833 0.354279 0.306986 -0.128133 0.367659
2 0.302691 -0.128053 0.389706 0.295966 -0.12825 0.406973
2 0.174786 -0.108015 0.211821 0.165077 -0.104178 0.206332
2 -0.0266408 -0.0397893 0.0932064 -0.0160687 -0.0394143 0.0973495
2 -0.490162 -0.126933 -0.0307063 -0.484869 -0.127146 -0.0235314
2 -0.256957 -0.115705 0.0992062 -0.266744 -0.118746 0.096371
2 -0.441484 -0.127207 0.0216005 -0.432235 -0.127614 0.0273905
2 -0.529575 -0.126497 -0.101332 -0.532308 -0.126624 -0.10969
2 -0.520373 -0.126606 -0.0792831 -0.524086 -0.126559 -0.087391
2 -0.537201 -0.128113 -0.166264 -0.533754 -0.128667 -0.180668
2 -0.359955 -0.13025 0.348135 -0.367335 -0.129832 0.359389
2 -0.308801 -0.129717 0.296255 -0.301651 -0.128926 0.290719
2 -0.374773 -0.129405 0.371556 -0.367335 -0.129832 0.359389
2 -0.388928 -0.128651 0.397609 -0.382422 -0.128986 0.38513
2 -0.308801 -0.129717 0.296255 -0.318005 -0.130125 0.304827
2 -0.41792 -0.127701 0.48063 -0.416587 -0.127698 0.474895
2 -0.380005 -0.129114 0.380631 -0.382422 -0.128986 0.38513
2 -0.394233 -0.128951 0.736087 -0.389626 -0.128736 0.742559
2 -0.378092 -0.128393 0.756413 -0.385226 -0.128561 0.74825
2 -0.261511 -0.127351 -0.271032 -0.249676 -0.127446 -0.280426
2 0.155221 -0.10024 0.198666 0.150095 -0.0979037 0.195886
2 0.187305 -0.112426 0.22038 0.174786 -0.108015 0.211821
2 0.534345 -0.126225 -0.128363 0.543329 -0.126573 -0.125168
2 -0.248945 -0.114817 0.240788 -0.241594 -0.111736 0.232383
2 0.0876919 -0.113271 -0.024017 0.0812746 -0.111619 -0.0233661
2 0.144248 -0.125386 -0.0336163 0.168092 -0.127702 -0.0372824
2 -0.222782 -0.180452 -0.151722 -0.219783 -0.177947 -0.147701
2 -0.189062 -0.155918 -0.114974 -0.175701 -0.148166 -0.104137
2 0.128864 -0.0878822 0.18472 0.139629 -0.0930424 0.190188
2 -0.226008 -0.104803 0.215459 -0.214868 -0.0994218 0.201378
2 -0.595026 -0.209391 -0.563507 -0.585021 -0.209625 -0.563627
2 -0.276707 -0.209377 -0.266765 -0.28102 -0.209747 -0.276441
2 -0.366878 -0.209294 -0.426076 -0.373884 -0.209249 -0.435432
2 -0.421142 -0.209294 -0.490193 -0.413816 -0.20911 -0.482261
2 -0.340071 -0.209293 -0.385987 -0.343221 -0.209281 -0.390804
2 -0.497317 -0.2096 -0.543784 -0.486823 -0.209667 -0.539357
2 -0.520619 -0.209597 -0.553091 -0.509751 -0.209841 -0.54905
2 0.409 -0.208717 -0.396142 0.417892 -0.20889 -0.395683
2 -0.394233 -0.128951 0.736087 -0.397688 -0.129353 0.729558
2 0.231933 -0.127621 0.671752 0.223026 -0.127753 0.660297
2 -0.193001 -0.12806 0.69495 -0.194387 -0.127994 0.703702
2 -0.00326842 -0.127054 0.740088 -0.00576866 -0.127058 0.74954
2 -0.00576866 -0.127058 0.74954 -0.00663133 -0.12706 0.752683
2 -0.00663133 -0.12706 0.752683 -0.0115049 -0.127068 0.770454
2 0.670867 -0.130517 -0.0285727 0.66246 -0.130628 -0.0394561
2 0.56765 -0.12713 0.263599 0.564093 -0.127099 0.248768
2 0.562901 -0.127084 0.270632 0.560116 -0.127008 0.277693
2 -0.396475 -0.12786 -0.460584 -0.402532 -0.127706 -0.45646
2 0.593427 -0.208862 -0.290525 0.600722 -0.208811 -0.284459
2 0.523081 -0.209577 -0.353209 0.531363 -0.209546 -0.344934
2 0.587598 -0.208992 -0.295434 0.572353 -0.209241 -0.308477
2 -0.472362 -0.141316 -0.927783 -0.48288 -0.1412 -0.919292
2 -0.0541026 -0.140098 -0.682906 -0.0556459 -0.140096 -0.693521
2 -0.157282 -0.13969 -0.871928 -0.143815 -0.140122 -0.858896
2 -0.522092 -0.139856 -0.774184 -0.524581 -0.139445 -0.787208
2 -0.526204 -0.140004 -0.804676 -0.526283 -0.140516 -0.814898
2 -0.412811 -0.138676 -0.773658 -0.406852 -0.138722 -0.781873
2 0.177261 -0.1411 -0.758105 0.167494 -0.140941 -0.748457
2 0.149082 -0.140544 -0.726207 0.155367 -0.140691 -0.734456
2 0.0685859 -0.139857 -0.532185 0.0668341 -0.139828 -0.525401
2 0.0889401 -0.139831 -0.603009 0.0853879 -0.13985 -0.591757
2 0.127374 -0.140068 -0.69143 0.123923 -0.140029 -0.685086
2 0.560106 -0.137409 -0.57939 0.57031 -0.138147 -0.576285
2 0.474273 -0.139246 -0.719577 0.47607 -0.139364 -0.714629
2 0.479166 -0.139619 -0.705519 0.47607 -0.139364 -0.714629
2 0.479166 -0.139619 -0.705519 0.483699 -0.140056 -0.69198
2 0.10796 -0.118789 -0.0282277 0.0876919 -0.113271 -0.024017
2 0.0771992 -0.125905 -0.0628269 0.0843355 -0.130141 -0.0708915
2 0.200103 -0.2097 -0.244506 0.194354 -0.208489 -0.234981
2 0.0325771 -0.138515 -0.314407 0.034864 -0.138397 -0.326423
2 -0.344935 -0.140413 -0.793906 -0.3388 -0.140158 -0.787784
2 -0.0545542 -0.140248 -0.617238 -0.0527245 -0.140213 -0.634945
2 -0.0829915 -0.140821 -0.496693 -0.08646 -0.140928 -0.483332
2 -0.361687 -0.127872 -0.480448 -0.377132 -0.127526 -0.475672
2 -0.41634 -0.128568 -0.251277 -0.425858 -0.128743 -0.250226
2 -0.41634 -0.128568 -0.251277 -0.408253 -0.128439 -0.251812
2 0.56765 -0.12713 0.263599 0.562901 -0.127084 0.270632
2 0.452331 -0.127117 0.213768 0.458197 -0.127207 0.20609
2 0.70896 -0.129485 0.0391176 0.700677 -0.129705 0.021419
2 -0.188949 -0.128003 0.673769 -0.185496 -0.127837 0.662021
2 -0.223539 -0.127678 -0.309509 -0.22955 -0.127775 -0.302447
2 -0.336769 -0.127658 -0.256444 -0.328323 -0.127667 -0.257481
2 -0.166242 -0.142608 -0.0962491 -0.175701 -0.148166 -0.104137
2 -0.506132 -0.139579 -0.723757 -0.502312 -0.13953 -0.71668
2 0.0615974 -0.139597 -0.503623 0.0591114 -0.13945 -0.492683
2 0.0668341 -0.139828 -0.525401 0.0641144 -0.139721 -0.514261
2 0.206194 -0.141366 -0.783088 0.216172 -0.141361 -0.790285
2 0.626938 -0.140332 -0.728412 0.619788 -0.140372 -0.723477
2 0.638989 -0.139356 -0.58095 0.653924 -0.140051 -0.589487
2 0.653924 -0.140051 -0.589487 0.666022 -0.140198 -0.597337
2 0.603204 -0.140139 -0.708656 0.608434 -0.140406 -0.712921
2 0.603204 -0.140139 -0.708656 0.599598 -0.140105 -0.701423
2 0.308615 -0.209603 -0.363922 0.330573 -0.208844 -0.377463
2 0.689404 -0.139258 -0.731731 0.693919 -0.139093 -0.728064
2 0.260354 -0.141063 -0.815024 0.245634 -0.141215 -0.808606
2 0.0560779 -0.139214 -0.478072 0.0533735 -0.138985 -0.464241
2 -0.344935 -0.140413 -0.793906 -0.353825 -0.140935 -0.801793
2 -0.329075 -0.139781 -0.776524 -0.3388 -0.140158 -0.787784
2 -0.31074 -0.139022 -0.743632 -0.312662 -0.139118 -0.749144
2 -0.313567 -0.138754 -0.715053 -0.310369 -0.138819 -0.725689
2 -0.255294 -0.138356 -0.937003 -0.24368 -0.138217 -0.931404
2 -0.0592118 -0.140199 -0.588564 -0.0572266 -0.140211 -0.599626
2 -0.0779213 -0.140691 -0.515463 -0.0742585 -0.140559 -0.528613
2 -0.197417 -0.138257 -0.903526 -0.206365 -0.138312 -0.909613
2 -0.387328 -0.127056 -0.467946 -0.377132 -0.127526 -0.475672
2 -0.213714 -0.127212 -0.386094 -0.211424 -0.127365 -0.372351
2 0.729771 -0.128536 0.120548 0.730397 -0.128428 0.128796
2 0.284557 -0.127291 -0.0945341 0.291798 -0.127297 -0.0994915
2 0.295411 -0.127125 0.952696 0.29056 -0.127161 0.963027
2 0.211942 -0.129908 0.550326 0.207612 -0.12973 0.564178
2 0.204837 -0.129533 0.575012 0.207612 -0.12973 0.564178
2 0.298544 -0.127155 0.94185 0.295411 -0.127125 0.952696
2 -0.310956 -0.128866 0.802674 -0.299628 -0.127283 0.807118
2 -0.00326842 -0.127054 0.740088 -0.00169992 -0.127051 0.733431
2 0.595763 -0.128885 -0.0995973 0.585193 -0.128555 -0.106045
2 0.388266 -0.127246 -0.137202 0.373818 -0.127426 -0.134498
2 0.561079 -0.127206 0.232968 0.558179 -0.127274 0.222555
2 -0.22164 -0.126945 -0.414246 -0.216932 -0.127028 -0.400706
2 -0.303196 -0.128335 -0.488464 -0.296138 -0.128352 -0.487205
2 0.548937 -0.209342 -0.329423 0.542847 -0.208974 -0.33394
2 -0.0963036 -0.140388 -0.797544 -0.0920839 -0.140361 -0.790869
2 -0.106336 -0.141873 -0.381063 -0.104977 -0.141794 -0.392171
2 -0.322257 -0.138996 -0.958289 -0.310779 -0.138946 -0.956127
2 -0.31074 -0.139022 -0.743632 -0.309021 -0.138882 -0.733271
2 0.0591114 -0.13945 -0.492683 0.0560779 -0.139214 -0.478072
2 0.23189 -0.141298 -0.800609 0.245634 -0.141215 -0.808606
2 0.444795 -0.13837 -0.783776 0.440246 -0.138365 -0.790082
2 0.320875 -0.127149 0.81677 0.320895 -0.127159 0.822803
2 0.227589 -0.212677 -0.28593 0.221379 -0.212467 -0.277416
2 -0.311833 -0.20975 -0.339394 -0.317317 -0.209535 -0.347736
2 0.440421 -0.127078 0.239211 0.445855 -0.127043 0.224654
2 -0.427159 -0.129353 0.611958 -0.425704 -0.129883 0.627793
2 -0.334542 -0.127746 0.0747893 -0.34325 -0.128282 0.0718562
2 0.128864 -0.0878822 0.18472 0.111367 -0.0782882 0.171803
2 -0.108771 -0.142144 -0.342505 -0.108716 -0.142196 -0.331549
2 0.221379 -0.212467 -0.277416 0.211472 -0.211538 -0.262593
2 0.494842 -0.12734 0.358057 0.504704 -0.127346 0.364085
2 0.71855 -0.127571 0.240234 0.712317 -0.127456 0.256965
2 -0.171452 -0.127267 0.631754 -0.163494 -0.127059 0.620687
2 -0.381527 -0.129057 0.0547813 -0.368086 -0.129098 0.0612051
2 -0.407415 -0.127837 0.442002 -0.410715 -0.127745 0.452334
2 0.609468 -0.208965 -0.276744 0.600722 -0.208811 -0.284459
2 0.687918 -0.130093 -0.00234866 0.695023 -0.129868 0.0104058
2 0.0403715 -0.138089 -0.369167 0.0417337 -0.138076 -0.381438
2 0.690366 -0.140207 -0.626705 0.695907 -0.13998 -0.635993
2 0.707519 -0.138468 -0.704566 0.705423 -0.138644 -0.709463
2 0.453784 -0.138433 -0.768216 0.461618 -0.138598 -0.752104
2 0.320875 -0.127149 0.81677 0.319966 -0.127135 0.804101
2 -0.328323 -0.127667 -0.257481 -0.324538 -0.127681 -0.258029
2 -0.280965 -0.124346 0.270909 -0.272624 -0.122141 0.263204
2 0.713974 -0.129354 0.05074 0.719471 -0.129199 0.0657601
2 0.442895 -0.127306 0.296368 0.445853 -0.127268 0.304182
2 -0.072791 -0.140245 -0.752422 -0.0776129 -0.140338 -0.763171
2 0.0417337 -0.138076 -0.381438 0.0428695 -0.138121 -0.391708
2 0.61698 -0.138937 -0.574283 0.608143 -0.138838 -0.573162
2 0.266602 -0.140991 -0.817453 0.279237 -0.140816 -0.820867
2 0.803722 -0.210634 -0.367862 0.804628 -0.209489 -0.376475
2 -0.730807 -0.209246 -0.506329 -0.720455 -0.209064 -0.515357
2 -0.347826 -0.209281 -0.399845 -0.360373 -0.209309 -0.415605
2 0.452965 -0.127284 0.318247 0.445853 -0.127268 0.304182
2 -0.428071 -0.128556 0.567212 -0.428158 -0.128713 0.573844
2 0.301782 -0.127201 0.931046 0.304555 -0.12719 0.92093
2 0.297466 -0.127123 0.751083 0.309095 -0.12714 0.770797
2 -0.477935 -0.127119 -0.016327 -0.470853 -0.127137 -0.00859098
2 -0.288151 -0.12604 0.278093 -0.292903 -0.12714 0.282778
2 0.11376 -0.139921 -0.66583 0.121737 -0.140001 -0.681035
2 0.209432 -0.127425 0.637886 0.203138 -0.127057 0.623979
2 0.307478 -0.127182 0.910096 0.310772 -0.127173 0.897314
2 -0.266743 -0.207616 -0.243073 -0.269467 -0.208303 -0.249806
2 0.699923 -0.138859 -0.720262 0.693919 -0.139093 -0.728064
2 0.311542 -0.140373 -0.827826 0.291694 -0.140646 -0.824029
2 0.590621 -0.138668 -0.573483 0.579521 -0.138459 -0.574294
2 0.384706 -0.139359 -0.824081 0.374289 -0.139501 -0.827434
2 0.0997693 -0.0716525 0.162967 0.109324 -0.0770965 0.170359
2 0.730165 -0.208684 -0.258385 0.717781 -0.208695 -0.255157
2 0.417892 -0.20889 -0.395683 0.434326 -0.209247 -0.394183
2 -0.755847 -0.20951 -0.288684 -0.746573 -0.20959 -0.278794
2 -0.739951 -0.209879 -0.272871 -0.734281 -0.209748 -0.268403
2 -0.702435 -0.208748 -0.528927 -0.707872 -0.208961 -0.524986
2 0.486906 -0.127474 0.187603 0.483711 -0.127452 0.189162
2 0.466821 -0.12733 0.197921 0.458197 -0.127207 0.20609
2 0.696202 -0.127345 0.288774 0.690145 -0.127301 0.298692
2 0.724597 -0.128996 0.0850447 0.726954 -0.12884 0.0974953
2 0.604017 -0.129146 -0.0941454 0.612287 -0.129459 -0.0880098
2 0.434304 -0.126516 -0.14103 0.449812 -0.126321 -0.141145
2 0.313498 -0.127446 -0.112985 0.302928 -0.127345 -0.106783
2 -0.180804 -0.127562 0.649827 -0.177189 -0.12749 0.642928
2 -0.196183 -0.127903 0.714781 -0.194387 -0.127994 0.703702
2 0.216513 -0.127781 0.64983 0.223026 -0.127753 0.660297
2 0.287981 -0.127124 0.737041 0.281315 -0.127152 0.727825
2 -0.398739 -0.128775 0.0461015 -0.381527 -0.129057 0.0547813
2 0.330573 -0.208844 -0.377463 0.340691 -0.208645 -0.382026
2 -0.626197 -0.209225 -0.559096 -0.613667 -0.209429 -0.561112
2 0.258007 -0.127387 0.701121 0.264214 -0.127339 0.708003
2 0.0889401 -0.139831 -0.603009 0.0913643 -0.139823 -0.610219
2 -0.406446 -0.127668 -0.453332 -0.402532 -0.127706 -0.45646
2 0.255815 -0.127574 -0.0739087 0.267835 -0.127437 -0.0827202
2 0.565942 -0.208852 -0.315194 0.560249 -0.209181 -0.32109
2 -0.107404 -0.141942 -0.370896 -0.106336 -0.141873 -0.381063
2 0.238752 -0.127584 0.680099 0.231933 -0.127621 0.671752
2 -0.440081 -0.140851 -0.945654 -0.458829 -0.141256 -0.936402
2 0.0515228 -0.138822 -0.454002 0.0533735 -0.138985 -0.464241
2 -0.518768 -0.140597 -0.854036 -0.522814 -0.140539 -0.8359
2 0.767928 -0.209076 -0.288373 0.773212 -0.209193 -0.295513
2 0.781055 -0.209352 -0.307546 0.773212 -0.209193 -0.295513
2 0.604017 -0.129146 -0.0941454 0.595763 -0.128885 -0.0995973
2 -0.421611 -0.127785 0.499588 -0.423101 -0.127875 0.509723
2 0.317466 -0.127156 0.866651 0.319955 -0.12716 0.847801
2 -0.336769 -0.127658 -0.256444 -0.339549 -0.127662 -0.256144
2 0.487249 -0.125932 -0.138223 0.494274 -0.126076 -0.137181
2 -0.427301 -0.128172 0.544425 -0.427764 -0.128308 0.553666
2 -0.367767 -0.13947 -0.798499 -0.377816 -0.13908 -0.794849
2 0.238752 -0.127584 0.680099 0.246084 -0.127643 0.688152
2 0.514341 -0.126007 -0.132844 0.534345 -0.126225 -0.128363
2 -0.311377 -0.127766 -0.260159 -0.324538 -0.127681 -0.258029
2 -0.37421 -0.139045 -0.66515 -0.358905 -0.138879 -0.671471
2 0.79208 -0.209708 -0.328619 0.796042 -0.210048 -0.339509
2 -0.520373 -0.126606 -0.0792831 -0.513664 -0.126693 -0.0668681
2 -0.503017 -0.140929 -0.894175 -0.506473 -0.140857 -0.88871
2 0.470403 -0.209745 -0.38497 0.477552 -0.209889 -0.382709
2 0.486535 -0.20976 -0.378116 0.477552 -0.209889 -0.382709
2 0.678973 -0.127248 0.31714 0.690145 -0.127301 0.298692
2 0.713974 -0.129354 0.05074 0.70896 -0.129485 0.0391176
2 0.29685 -0.210038 -0.356314 0.288419 -0.210429 -0.349763
2 0.214228 -0.120073 0.237108 0.240974 -0.125955 0.253623
2 0.729064 -0.127686 0.199147 0.729926 -0.127737 0.19226
2 0.364666 -0.139631 -0.829668 0.374289 -0.139501 -0.827434
2 0.211472 -0.211538 -0.262593 0.20508 -0.210805 -0.252796
2 -0.270927 -0.128073 -0.476567 -0.260989 -0.12769 -0.46918
2 0.434304 -0.126516 -0.14103 0.421057 -0.126724 -0.140601
2 -0.334542 -0.127746 0.0747893 -0.326947 -0.12725 0.0773203
2 -0.41792 -0.127701 0.48063 -0.419697 -0.127728 0.488745
2 0.729771 -0.128536 0.120548 0.728911 -0.128648 0.11206
2 0.587598 -0.208992 -0.295434 0.593427 -0.208862 -0.290525
2 -0.461503 -0.127206 0.00102567 -0.452748 -0.12721 0.00991264
2 0.343968 -0.127621 -0.126304 0.338626 -0.127616 -0.124431
2 0.572353 -0.209241 -0.308477 0.565942 -0.208852 -0.315194
2 0.519992 -0.14089 -0.611513 0.523919 -0.140593 -0.606029
2 0.0428695 -0.138121 -0.391708 0.0432537 -0.138136 -0.395154
2 -0.0654994 -0.140344 -0.733479 -0.0683096 -0.140248 -0.741016
2 -0.0696608 -0.140403 -0.54527 -0.0665832 -0.140323 -0.556817
2 -0.646563 -0.209462 -0.246418 -0.655338 -0.209517 -0.245649
2 -0.520619 -0.209597 -0.553091 -0.529429 -0.209876 -0.555357
2 -0.497317 -0.2096 -0.543784 -0.509751 -0.209841 -0.54905
2 0.700677 -0.129705 0.021419 0.695023 -0.129868 0.0104058
2 -0.185496 -0.127837 0.662021 -0.180804 -0.127562 0.649827
2 -0.42846 -0.128781 0.587352 -0.428158 -0.128713 0.573844
2 0.317466 -0.127156 0.866651 0.314971 -0.127162 0.879761
2 -0.477935 -0.127119 -0.016327 -0.484869 -0.127146 -0.0235314
2 -0.537201 -0.128113 -0.166264 -0.537618 -0.127362 -0.148252
2 -0.400666 -0.129456 0.723399 -0.397688 -0.129353 0.729558
2 0.226223 -0.128245 -0.0554599 0.235648 -0.127947 -0.0603134
2 0.252417 -0.129137 0.480402 0.241628 -0.129411 0.496482
2 -0.626197 -0.209225 -0.559096 -0.637206 -0.209048 -0.557723
2 -0.720869 -0.209878 -0.260966 -0.710939 -0.209825 -0.256407
2 0.250941 -0.212274 -0.314071 0.244162 -0.21258 -0.306825
2 0.501759 -0.141918 -0.642122 0.504914 -0.14178 -0.636308
2 0.656465 -0.139961 -0.737294 0.653757 -0.140004 -0.736966
2 0.523919 -0.140593 -0.606029 0.530492 -0.139963 -0.597623
2 -0.506132 -0.139579 -0.723757 -0.508345 -0.139312 -0.728326
2 -0.310779 -0.138946 -0.956127 -0.295704 -0.138857 -0.952007
2 -0.0776129 -0.140338 -0.763171 -0.0841838 -0.140168 -0.776451
2 -0.061145 -0.140208 -0.579226 -0.0592118 -0.140199 -0.588564
2 0.754432 -0.208956 -0.274098 0.760662 -0.209003 -0.279694
2 0.374809 -0.20841 -0.392465 0.390856 -0.208503 -0.394949
2 -0.579455 -0.20757 -0.391636 -0.569341 -0.207657 -0.376678
2 -0.590336 -0.207624 -0.400521 -0.599679 -0.20782 -0.406303
2 -0.739951 -0.209879 -0.272871 -0.746573 -0.20959 -0.278794
2 -0.266743 -0.207616 -0.243073 -0.260668 -0.205795 -0.228167
2 0.562758 -0.127154 0.240889 0.561079 -0.127206 0.232968
2 0.558179 -0.127274 0.222555 0.553552 -0.127358 0.209891
2 0.591585 -0.127319 0.369249 0.600128 -0.12728 0.366854
2 0.728167 -0.128736 0.10553 0.726954 -0.12884 0.0974953
2 0.673148 -0.12719 0.324481 0.668396 -0.127208 0.329322
2 0.315765 -0.127145 0.790382 0.31711 -0.12714 0.795319
2 -0.507051 -0.126676 -0.0557538 -0.498151 -0.126839 -0.0410488
2 -0.353038 -0.130593 0.339234 -0.359955 -0.13025 0.348135
2 -0.299628 -0.127283 0.807118 -0.290906 -0.12623 0.807416
2 -0.284526 -0.12827 -0.483274 -0.270927 -0.128073 -0.476567
2 -0.336688 -0.12803 -0.487056 -0.323562 -0.128181 -0.488874
2 0.182601 -0.203082 -0.21306 0.177813 -0.200273 -0.203703
2 0.0207921 -0.138888 -0.270974 0.0162419 -0.138957 -0.259496
2 0.390856 -0.208503 -0.394949 0.409 -0.208717 -0.396142
2 -0.536704 -0.126954 -0.132221 -0.537618 -0.127362 -0.148252
2 0.548708 -0.127426 0.199835 0.553552 -0.127358 0.209891
2 0.0853879 -0.13985 -0.591757 0.0843843 -0.139856 -0.5885
2 0.0985175 -0.139824 -0.630227 0.0950106 -0.139819 -0.620655
2 0.186741 -0.141224 -0.766877 0.177261 -0.1411 -0.758105
2 0.487249 -0.125932 -0.138223 0.478619 -0.125914 -0.139309
2 -0.396988 -0.138771 -0.78575 -0.388864 -0.138894 -0.789579
2 -0.206525 -0.127154 0.756656 -0.205242 -0.127215 0.753471
2 -0.782991 -0.209055 -0.406077 -0.78456 -0.20906 -0.391198
2 -0.530239 -0.129014 -0.189119 -0.533754 -0.128667 -0.180668
2 -0.664388 -0.208812 -0.54758 -0.6813 -0.208834 -0.539968
2 0.0717112 -0.139885 -0.543976 0.0685859 -0.139857 -0.532185
2 -0.0665832 -0.140323 -0.556817 -0.0642748 -0.140272 -0.565823
2 0.621005 -0.208885 -0.269197 0.642875 -0.208632 -0.256827
2 -0.0933856 -0.141181 -0.454236 -0.0899292 -0.141052 -0.469309
2 0.678688 -0.140588 -0.609361 0.690366 -0.140207 -0.626705
2 -0.235979 -0.13814 -0.927489 -0.24368 -0.138217 -0.931404
2 0.767928 -0.209076 -0.288373 0.760662 -0.209003 -0.279694
2 -0.780624 -0.208925 -0.335623 -0.78384 -0.209167 -0.347845
2 -0.463077 -0.209539 -0.524335 -0.471336 -0.20968 -0.529387
2 0.358951 -0.127533 -0.130621 0.343968 -0.127621 -0.126304
2 -0.240356 -0.126598 0.794216 -0.236006 -0.126624 0.791512
2 -0.416587 -0.127698 0.474895 -0.412732 -0.127713 0.459818
2 -0.395435 -0.128336 0.411407 -0.391822 -0.128508 0.403568
2 0.731348 -0.128117 0.152935 0.730956 -0.12825 0.142569
2 0.291694 -0.140646 -0.824029 0.279237 -0.140816 -0.820867
2 -0.011041 -0.12703 0.633309 -0.00796702 -0.127033 0.639703
2 -0.293774 -0.209811 -0.30247 -0.298713 -0.209802 -0.312505
2 -0.516622 -0.140614 -0.862672 -0.514381 -0.140657 -0.869702
2 -0.426094 -0.128048 0.53187 -0.425313 -0.127994 0.524854
2 -0.317317 -0.209535 -0.347736 -0.32929 -0.209417 -0.368535
2 -0.18151 -0.138956 -0.891225 -0.187184 -0.138785 -0.895716
2 -0.443427 -0.129119 -0.247216 -0.425858 -0.128743 -0.250226
2 -0.0998609 -0.141506 -0.423674 -0.0978719 -0.141376 -0.433586
2 -0.21512 -0.173997 -0.141273 -0.219783 -0.177947 -0.147701
2 -0.18151 -0.138956 -0.891225 -0.175872 -0.139132 -0.886772
2 0.0797509 -0.139883 -0.572959 0.0829248 -0.139865 -0.583666
2 0.203189 -0.128814 -0.0464816 0.194023 -0.128589 -0.0438724
2 0.0797509 -0.139883 -0.572959 0.076315 -0.139901 -0.560936
2 -0.415804 -0.140136 -0.954517 -0.402649 -0.139913 -0.958026
2 -0.118998 -0.139655 -0.830387 -0.123673 -0.139741 -0.836467
2 -0.0742585 -0.140559 -0.528613 -0.0722315 -0.140494 -0.53594
2 0.20508 -0.210805 -0.252796 0.200103 -0.2097 -0.244506
2 -0.612446 -0.209229 -0.256646 -0.6054 -0.209223 -0.260158
2 0.324937 -0.127547 -0.118796 0.313498 -0.127446 -0.112985
2 0.616546 -0.129671 -0.0848466 0.612287 -0.129459 -0.0880098
2 -0.240356 -0.126598 0.794216 -0.246015 -0.126521 0.797326
2 0.200272 -0.129087 0.596909 0.204837 -0.129533 0.575012
2 -0.316453 -0.126539 0.0805636 -0.326947 -0.12725 0.0773203
2 -0.330376 -0.13054 0.315935 -0.342567 -0.130753 0.326892
2 -0.232202 -0.188857 -0.166072 -0.222782 -0.180452 -0.151722
2 0.531363 -0.209546 -0.344934 0.542847 -0.208974 -0.33394
2 0.034864 -0.138397 -0.326423 0.0375024 -0.138241 -0.345993
2 0.324937 -0.127547 -0.118796 0.338626 -0.127616 -0.124431
2 -0.498887 -0.141015 -0.900228 -0.503017 -0.140929 -0.894175
2 -0.410715 -0.127745 0.452334 -0.412732 -0.127713 0.459818
2 0.185372 -0.204652 -0.218442 0.182601 -0.203082 -0.21306
2 0.139173 -0.16816 -0.138623 0.146068 -0.173768 -0.147893
2 -0.490162 -0.126933 -0.0307063 -0.498151 -0.126839 -0.0410488
2 -0.0963036 -0.140388 -0.797544 -0.0994707 -0.140363 -0.802569
2 -0.518533 -0.139548 -0.758346 -0.520465 -0.140124 -0.767007
2 -0.388928 -0.128651 0.397609 -0.391822 -0.128508 0.403568
2 0.491462 -0.141009 -0.668595 0.49433 -0.14149 -0.660017
2 -0.104078 -0.141745 -0.398365 -0.104977 -0.141794 -0.392171
2 -0.108615 -0.142254 -0.318342 -0.108716 -0.142196 -0.331549
2 -0.423101 -0.127875 0.509723 -0.425313 -0.127994 0.524854
2 0.70436 -0.127393 0.275305 0.696202 -0.127345 0.288774
2 -0.292883 -0.12797 -0.263786 -0.297392 -0.127908 -0.262825
2 -0.694738 -0.208765 -0.534076 -0.681821 -0.208844 -0.539739
2 0.118949 -0.153795 -0.115357 0.114795 -0.150616 -0.109845
2 -0.452748 -0.12721 0.00991264 -0.448273 -0.127208 0.0145954
2 -0.157282 -0.13969 -0.871928 -0.169284 -0.139344 -0.881576
2 -0.0915781 -0.141633 -0.233699 -0.0877462 -0.140806 -0.224057
2 -0.0965036 -0.14209 -0.243668 -0.0915781 -0.141633 -0.233699
2 -0.318005 -0.130125 0.304827 -0.32509 -0.130403 0.31119
2 -0.0105188 -0.138336 -0.208747 -0.00285566 -0.138743 -0.221743
2 0.723222 -0.127585 0.225384 0.71855 -0.127571 0.240234
2 0.600128 -0.12728 0.366854 0.611333 -0.127237 0.362778
2 -0.492882 -0.141125 -0.909002 -0.498887 -0.141015 -0.900228
2 -0.169284 -0.139344 -0.881576 -0.175872 -0.139132 -0.886772
2 0.0913482 -0.135004 -0.0807827 0.0843355 -0.130141 -0.0708915
2 -0.288046 -0.122936 0.0894647 -0.280625 -0.121499 0.0920057
2 -0.330376 -0.13054 0.315935 -0.32509 -0.130403 0.31119
2 0.0843843 -0.139856 -0.5885 0.0829248 -0.139865 -0.583666
2 0.188042 -0.128457 -0.0423662 0.194023 -0.128589 -0.0438724
2 0.0848579 -0.0616317 0.149523 0.0788344 -0.0581054 0.144946
2 -0.226008 -0.104803 0.215459 -0.235784 -0.109125 0.226405
2 -0.0571778 -0.133543 -0.159571 -0.0660896 -0.13566 -0.174304
2 -0.235784 -0.109125 0.226405 -0.241594 -0.111736 0.232383
2 0.0861544 -0.0625729 0.150461 0.0848579 -0.0616317 0.149523
2 -0.220756 -0.10137 0.107925 -0.228336 -0.105301 0.106159
2 0.0650238 -0.117068 -0.0455868 0.0749493 -0.124398 -0.0598534
2 -0.179378 -0.0750668 0.155964 -0.184092 -0.0779458 0.163058
2 -0.069589 -0.136756 -0.181996 -0.0761631 -0.138277 -0.195244
2 0.0575655 -0.108687 -0.0286656 0.0812746 -0.111619 -0.0233661
2 0.0470231 -0.0454864 0.124956 0.0569728 -0.0474518 0.129534
2 -0.116921 -0.120663 -0.0664093 -0.122414 -0.122863 -0.0698762
2 -0.0576686 -0.120887 -0.0952331 -0.0575599 -0.123133 -0.103742
2 -0.17816 -0.076566 0.125074 -0.174017 -0.0720525 0.147146
2 0.0664308 -0.050805 0.135971 0.0634052 -0.0495552 0.133753
2 -0.114571 -0.048796 0.111419 -0.101176 -0.0455202 0.10779
2 0.00390824 -0.0393739 0.10553 0.0159762 -0.03994 0.110058
2 -0.0322563 -0.0719857 0.0231984 -0.0358208 -0.0657446 0.035153
2 -0.0466436 -0.0478944 0.0764498 -0.0564826 -0.0452544 0.0858781
2 -0.00657435 -0.0842268 0.00339065 0.00535507 -0.0882072 -0.00222506
2 -0.0266408 -0.0397893 0.0932064 -0.0362904 -0.044417 0.0833667
2 -0.038905 -0.0583996 0.0499715 -0.0358208 -0.0657446 0.035153
2 -0.00926126 -0.0833372 0.00467833 -0.0240527 -0.0777061 0.0132478
2 -0.0466436 -0.0478944 0.0764498 -0.0362904 -0.044417 0.0833667
2 -0.0709834 -0.0437142 0.0945129 -0.0564826 -0.0452544 0.0858781
2 -0.336753 -0.138773 -0.684904 -0.323813 -0.138737 -0.697441
