2 0.268871 -0.209862 -0.302556 0.273842 -0.209897 -0.304404
2 -0.29372 -0.101108 0.296335 -0.303793 -0.106145 0.322454
2 -0.379502 -0.132408 0.674429 -0.381103 -0.132494 0.661385
2 -0.345409 -0.112425 0.0549686 -0.359074 -0.116473 0.0436128
2 -0.465658 -0.132586 -0.0546841 -0.47455 -0.132772 -0.0672243
2 0.26841 -0.131543 0.581023 0.268581 -0.131335 0.589756
2 0.268669 -0.131905 0.559297 0.26841 -0.131543 0.581023
2 0.270289 -0.132665 0.462471 0.270462 -0.132548 0.446006
2 0.27628 -0.127062 0.75306 0.280996 -0.126978 0.764999
2 0.27628 -0.127062 0.75306 0.275311 -0.127317 0.742827
2 0.275311 -0.127317 0.742827 0.274294 -0.127712 0.727548
2 -0.379502 -0.132408 0.674429 -0.376174 -0.132211 0.687098
2 -0.310645 -0.128417 0.764867 -0.286004 -0.127037 0.790078
2 -0.121229 -0.127211 0.633239 -0.136634 -0.127177 0.644836
2 -0.178214 -0.127149 0.693017 -0.188285 -0.127114 0.707423
2 -0.209307 -0.126919 0.734327 -0.202021 -0.126991 0.725043
2 -0.202021 -0.126991 0.725043 -0.197504 -0.127036 0.719295
2 -0.178214 -0.127149 0.693017 -0.168649 -0.127159 0.6792
2 -0.0867881 -0.127277 0.615861 -0.102166 -0.127245 0.623374
2 0.502983 -0.130184 -0.0494377 0.495845 -0.130264 -0.0529221
2 0.412576 -0.131117 -0.08462 0.430515 -0.130984 -0.0811898
2 0.430515 -0.130984 -0.0811898 0.44478 -0.130828 -0.0751564
2 0.630496 -0.128619 0.0447887 0.619765 -0.128759 0.0339754
2 0.604473 -0.128959 0.0189017 0.589715 -0.129144 0.00730046
2 0.467867 -0.126875 0.311254 0.459753 -0.126836 0.29319
2 0.531493 -0.12703 0.331029 0.548052 -0.127065 0.327726
2 0.517473 -0.127027 0.333233 0.49092 -0.126958 0.336761
2 0.49092 -0.126958 0.336761 0.474884 -0.126906 0.319055
2 0.460561 -0.126868 0.229318 0.463736 -0.126889 0.222729
2 0.469786 -0.126911 0.213096 0.463736 -0.126889 0.222729
2 0.457795 -0.126858 0.238044 0.454121 -0.126844 0.248068
2 0.48079 -0.126945 0.197827 0.473076 -0.12692 0.208326
2 -0.242718 -0.127061 -0.343369 -0.253765 -0.127119 -0.331576
2 -0.320082 -0.12743 -0.267148 -0.34241 -0.127824 -0.259668
2 -0.227373 -0.126883 -0.379213 -0.230279 -0.126742 -0.396629
2 -0.24435 -0.126692 -0.423356 -0.249471 -0.126659 -0.433652
2 -0.26031 -0.12655 -0.451956 -0.249471 -0.126659 -0.433652
2 0.12321 -0.132106 -0.0963891 0.143818 -0.128302 -0.0843558
2 0.143818 -0.128302 -0.0843558 0.15626 -0.125497 -0.0757225
2 -0.170043 -0.150768 -0.135351 -0.151848 -0.14267 -0.12124
2 -0.0693589 -0.075621 0.0583838 -0.0880567 -0.0720653 0.0733381
2 -0.498826 -0.210572 -0.494983 -0.511588 -0.210427 -0.499598
2 -0.298118 -0.208011 -0.313942 -0.337036 -0.212054 -0.381139
2 -0.366003 -0.212273 -0.42152 -0.380289 -0.212176 -0.43225
2 -0.391545 -0.212014 -0.438674 -0.380289 -0.212176 -0.43225
2 -0.474986 -0.210872 -0.484041 -0.464648 -0.211007 -0.478827
2 -0.720646 -0.209263 -0.472335 -0.707083 -0.209315 -0.477738
2 -0.617069 -0.209569 -0.50959 -0.60743 -0.209602 -0.512499
2 -0.742747 -0.209401 -0.313942 -0.733289 -0.209419 -0.304525
2 -0.698932 -0.209446 -0.277407 -0.710546 -0.209436 -0.286339
2 -0.714267 -0.209433 -0.289217 -0.710546 -0.209436 -0.286339
2 -0.600506 -0.209135 -0.284106 -0.590828 -0.20898 -0.296065
2 -0.581813 -0.208953 -0.32254 -0.581915 -0.208954 -0.322238
2 0.273842 -0.209897 -0.304404 0.283072 -0.209949 -0.307631
2 0.165953 -0.174657 -0.192956 0.181273 -0.182743 -0.212166
2 0.212978 -0.198749 -0.255787 0.207074 -0.19623 -0.247492
2 0.649375 -0.209045 -0.300929 0.663439 -0.209043 -0.297241
2 0.551677 -0.209195 -0.328811 0.539991 -0.209203 -0.335364
2 -0.11858 -0.0692153 0.0927137 -0.1047 -0.0693754 0.08544
2 0.0532398 -0.0642134 0.116142 0.0399544 -0.0666011 0.0998864
2 0.0194151 -0.0743083 0.0648899 0.0286245 -0.0688721 0.0855211
2 -0.0356356 -0.0868309 0.0201332 -0.0458179 -0.0817467 0.0359011
2 -0.0507149 -0.0796356 0.0425143 -0.0577987 -0.077992 0.0488019
2 -0.0294527 -0.13013 -0.203608 -0.010008 -0.132457 -0.221307
2 -0.0613276 -0.111858 -0.0594972 -0.0739494 -0.114463 -0.0665506
2 -0.443443 -0.138758 -0.883776 -0.424945 -0.138742 -0.891428
2 -0.443443 -0.138758 -0.883776 -0.457862 -0.13879 -0.87129
2 -0.0698416 -0.139399 -0.540009 -0.0736464 -0.140561 -0.510233
2 -0.0682509 -0.138061 -0.656137 -0.0648216 -0.137824 -0.630256
2 -0.128849 -0.138774 -0.792554 -0.144249 -0.138826 -0.812577
2 -0.0815436 -0.141346 -0.443358 -0.082205 -0.141419 -0.436736
2 -0.0655501 -0.138928 -0.572728 -0.0616369 -0.139335 -0.598643
2 -0.105905 -0.138558 -0.746698 -0.112342 -0.138635 -0.761402
2 -0.223091 -0.138875 -0.884615 -0.218039 -0.138881 -0.881473
2 -0.475 -0.138487 -0.712091 -0.481304 -0.13875 -0.735586
2 -0.488143 -0.138969 -0.756164 -0.493108 -0.139139 -0.771212
2 -0.358574 -0.138546 -0.688547 -0.349267 -0.138554 -0.697571
2 -0.358574 -0.138546 -0.688547 -0.368416 -0.138541 -0.68092
2 -0.465837 -0.138816 -0.862007 -0.475999 -0.138899 -0.838538
2 -0.324104 -0.138346 -0.75199 -0.32626 -0.138404 -0.739343
2 -0.323255 -0.138278 -0.764201 -0.324104 -0.138346 -0.75199
2 0.0836617 -0.138817 -0.556205 0.088748 -0.138863 -0.56804
2 0.131318 -0.139175 -0.655536 0.115672 -0.139068 -0.625154
2 0.0625672 -0.138894 -0.491095 0.0598904 -0.138991 -0.478582
2 0.448423 -0.13968 -0.7472 0.461426 -0.139695 -0.736788
2 0.492858 -0.139739 -0.705703 0.487535 -0.139732 -0.711127
2 0.514938 -0.139777 -0.683118 0.521468 -0.139789 -0.67655
2 0.680715 -0.139751 -0.636128 0.68876 -0.139692 -0.647267
2 0.691417 -0.139793 -0.661271 0.693152 -0.139739 -0.671236
2 0.691417 -0.139793 -0.661271 0.68876 -0.139692 -0.647267
2 0.60166 -0.139957 -0.614572 0.592012 -0.139924 -0.6172
2 0.63798 -0.140102 -0.611863 0.665042 -0.14011 -0.618012
2 0.21785 -0.120368 -0.0552612 0.229003 -0.121116 -0.0556794
2 -0.0195095 -0.0939097 -0.00138199 -0.0323647 -0.101443 -0.02876
2 0.0313238 -0.109197 -0.0428633 0.00647424 -0.10359 -0.0284078
2 0.283072 -0.209949 -0.307631 0.294059 -0.209996 -0.311124
2 0.307978 -0.210022 -0.314783 0.294059 -0.209996 -0.311124
2 -0.0356356 -0.0868309 0.0201332 -0.0195095 -0.0939097 -0.00138199
2 0.261492 -0.124772 -0.0619966 0.279365 -0.127365 -0.0674197
2 0.243113 -0.122199 -0.0566899 0.261492 -0.124772 -0.0619966
2 -0.0195095 -0.0939097 -0.00138199 0.00647424 -0.10359 -0.0284078
2 -0.0230539 -0.117102 -0.11915 -0.02378 -0.114835 -0.105777
2 -0.02378 -0.114835 -0.105777 -0.0298403 -0.112675 -0.0807658
2 0.682763 -0.139756 -0.728472 0.676623 -0.139761 -0.740253
2 0.682763 -0.139756 -0.728472 0.688347 -0.139724 -0.715274
2 0.692724 -0.139774 -0.695927 0.688347 -0.139724 -0.715274
2 0.692724 -0.139774 -0.695927 0.693326 -0.139704 -0.682164
2 0.60166 -0.139957 -0.614572 0.619175 -0.140022 -0.611851
2 0.581408 -0.139898 -0.622998 0.592012 -0.139924 -0.6172
2 0.665042 -0.14011 -0.618012 0.680715 -0.139751 -0.636128
2 0.556904 -0.139853 -0.642727 0.544678 -0.139832 -0.654022
2 0.531176 -0.139806 -0.667029 0.521468 -0.139789 -0.67655
2 0.492858 -0.139739 -0.705703 0.498125 -0.139748 -0.700291
2 0.475814 -0.139715 -0.722778 0.482037 -0.139724 -0.716663
2 0.401809 -0.139648 -0.771484 0.416661 -0.139653 -0.76681
2 0.353674 -0.139638 -0.784931 0.347368 -0.139636 -0.786517
2 0.299763 -0.139617 -0.781892 0.334456 -0.139633 -0.787529
2 0.357155 -0.139639 -0.783932 0.378111 -0.139643 -0.778097
2 0.448423 -0.13968 -0.7472 0.433837 -0.139666 -0.75684
2 0.209462 -0.139505 -0.74753 0.194329 -0.139467 -0.736541
2 0.209462 -0.139505 -0.74753 0.222799 -0.13954 -0.757402
2 0.378111 -0.139643 -0.778097 0.401809 -0.139648 -0.771484
2 0.070623 -0.138533 -0.526097 0.0836617 -0.138817 -0.556205
2 0.070623 -0.138533 -0.526097 0.0672879 -0.138748 -0.512982
2 0.115672 -0.139068 -0.625154 0.106434 -0.139004 -0.606911
2 0.0983421 -0.138942 -0.589559 0.0936375 -0.138904 -0.579212
2 0.0578065 -0.139062 -0.468903 0.0549034 -0.139158 -0.455422
2 0.0458574 -0.139434 -0.413692 0.0502925 -0.139303 -0.434121
2 0.0502925 -0.139303 -0.434121 0.0549034 -0.139158 -0.455422
2 0.0326271 -0.139563 -0.356159 0.0296488 -0.139423 -0.344466
2 -0.323255 -0.138278 -0.764201 -0.323644 -0.138211 -0.774316
2 -0.329303 -0.138441 -0.730239 -0.32626 -0.138404 -0.739343
2 -0.329303 -0.138441 -0.730239 -0.333783 -0.138466 -0.718992
2 -0.419804 -0.138576 -0.689354 -0.429415 -0.138561 -0.692262
2 -0.40841 -0.138594 -0.685949 -0.419804 -0.138576 -0.689354
2 -0.393445 -0.138611 -0.681742 -0.37928 -0.138577 -0.677485
2 -0.368416 -0.138541 -0.68092 -0.37928 -0.138577 -0.677485
2 -0.393445 -0.138611 -0.681742 -0.40841 -0.138594 -0.685949
2 -0.491402 -0.139105 -0.787837 -0.493108 -0.139139 -0.771212
2 -0.340134 -0.138505 -0.70894 -0.349267 -0.138554 -0.697571
2 -0.488143 -0.138969 -0.756164 -0.486465 -0.138913 -0.75119
2 -0.481304 -0.13875 -0.735586 -0.486465 -0.138913 -0.75119
2 -0.448578 -0.138525 -0.698434 -0.440808 -0.138543 -0.695761
2 -0.429415 -0.138561 -0.692262 -0.440808 -0.138543 -0.695761
2 -0.350327 -0.138708 -0.911025 -0.338534 -0.138715 -0.911192
2 -0.350327 -0.138708 -0.911025 -0.366682 -0.138706 -0.909253
2 -0.255858 -0.138826 -0.893168 -0.265134 -0.138812 -0.895592
2 -0.28827 -0.138778 -0.901618 -0.275311 -0.138798 -0.898243
2 -0.183356 -0.138919 -0.860547 -0.169595 -0.138903 -0.844641
2 -0.218039 -0.138881 -0.881473 -0.207387 -0.138896 -0.875558
2 -0.0682509 -0.138061 -0.656137 -0.0839888 -0.138289 -0.69617
2 -0.0632135 -0.137776 -0.612757 -0.0616369 -0.139335 -0.598643
2 -0.0655501 -0.138928 -0.572728 -0.0698416 -0.139399 -0.540009
2 -0.0778713 -0.140966 -0.475794 -0.0766168 -0.14084 -0.486142
2 -0.0846717 -0.141719 -0.406926 -0.0840667 -0.141684 -0.383864
2 -0.0846717 -0.141719 -0.406926 -0.0833065 -0.141545 -0.424927
2 -0.0840667 -0.141684 -0.383864 -0.0833754 -0.141627 -0.368686
2 -0.112342 -0.138635 -0.761402 -0.12011 -0.13871 -0.777126
2 -0.207387 -0.138896 -0.875558 -0.187944 -0.138928 -0.865652
2 -0.0794897 -0.141131 -0.461899 -0.0805036 -0.141236 -0.452967
2 -0.0815436 -0.141346 -0.443358 -0.0805036 -0.141236 -0.452967
2 -0.0195095 -0.0939097 -0.00138199 -0.00276542 -0.0868567 0.0216919
2 -0.0397369 -0.109121 -0.0576366 -0.0613276 -0.111858 -0.0594972
2 -0.0664663 -0.138492 -0.263674 -0.074 -0.140224 -0.289386
2 -0.074 -0.140224 -0.289386 -0.0792722 -0.141234 -0.313096
2 -0.0610608 -0.136259 -0.242229 -0.0527963 -0.134156 -0.227563
2 -0.0610608 -0.136259 -0.242229 -0.0664663 -0.138492 -0.263674
2 0.011873 -0.137318 -0.276734 0.0179707 -0.138486 -0.296875
2 -0.00260807 -0.134255 -0.236451 -0.010008 -0.132457 -0.221307
2 -0.28389 -0.0960081 0.135693 -0.305196 -0.101428 0.105012
2 -0.276201 -0.0927132 0.192458 -0.280511 -0.0944628 0.163776
2 -0.280511 -0.0944628 0.163776 -0.28389 -0.0960081 0.135693
2 0.015404 -0.0764075 0.0568844 0.0194151 -0.0743083 0.0648899
2 0.0739943 -0.063472 0.140814 0.095562 -0.0636659 0.165631
2 -0.0294527 -0.13013 -0.203608 -0.0263418 -0.126646 -0.180949
2 -0.186307 -0.0773278 0.116632 -0.234433 -0.0861719 0.129734
2 0.761926 -0.209136 -0.288478 0.774805 -0.209154 -0.295673
2 0.75689 -0.209138 -0.286098 0.761926 -0.209136 -0.288478
2 0.740758 -0.209023 -0.282448 0.75689 -0.209138 -0.286098
2 0.782966 -0.209161 -0.301916 0.783316 -0.20916 -0.302194
2 0.789168 -0.209171 -0.306984 0.783316 -0.20916 -0.302194
2 0.774805 -0.209154 -0.295673 0.782966 -0.209161 -0.301916
2 0.612542 -0.209052 -0.31097 0.633642 -0.209048 -0.305168
2 0.633642 -0.209048 -0.305168 0.649375 -0.209045 -0.300929
2 0.593192 -0.209055 -0.316391 0.584546 -0.209057 -0.318834
2 0.703927 -0.209016 -0.288176 0.695177 -0.209025 -0.290064
2 0.193703 -0.18971 -0.229078 0.18907 -0.187142 -0.222813
2 0.181273 -0.182743 -0.212166 0.18907 -0.187142 -0.222813
2 0.212978 -0.198749 -0.255787 0.220309 -0.201809 -0.266089
2 -0.576198 -0.208547 -0.371882 -0.576067 -0.208707 -0.355598
2 -0.581813 -0.208953 -0.32254 -0.578839 -0.208899 -0.333398
2 -0.576198 -0.208547 -0.371882 -0.577806 -0.208416 -0.382747
2 -0.577536 -0.208815 -0.34319 -0.578839 -0.208899 -0.333398
2 -0.590828 -0.20898 -0.296065 -0.581915 -0.208954 -0.322238
2 -0.623498 -0.209465 -0.26634 -0.609675 -0.209226 -0.274888
2 -0.609675 -0.209226 -0.274888 -0.600506 -0.209135 -0.284106
2 -0.577806 -0.208416 -0.382747 -0.579635 -0.208285 -0.390104
2 -0.723173 -0.209427 -0.296149 -0.733289 -0.209419 -0.304525
2 -0.742747 -0.209401 -0.313942 -0.755757 -0.209378 -0.326993
2 -0.635446 -0.208938 -0.260869 -0.623498 -0.209465 -0.26634
2 -0.769274 -0.209178 -0.37923 -0.776849 -0.20919 -0.413993
2 -0.758759 -0.209169 -0.454859 -0.776849 -0.20919 -0.413993
2 -0.633672 -0.209517 -0.504161 -0.62096 -0.209557 -0.508311
2 -0.734134 -0.209211 -0.466903 -0.720646 -0.209263 -0.472335
2 -0.591196 -0.209669 -0.516328 -0.60743 -0.209602 -0.512499
2 -0.769274 -0.209178 -0.37923 -0.765234 -0.209233 -0.362513
2 -0.734134 -0.209211 -0.466903 -0.758759 -0.209169 -0.454859
2 -0.755757 -0.209378 -0.326993 -0.759794 -0.209306 -0.342725
2 -0.474986 -0.210872 -0.484041 -0.48798 -0.210705 -0.490326
2 -0.498826 -0.210572 -0.494983 -0.48798 -0.210705 -0.490326
2 -0.366003 -0.212273 -0.42152 -0.337036 -0.212054 -0.381139
2 -0.298118 -0.208011 -0.313942 -0.26202 -0.196757 -0.245724
2 -0.26202 -0.196757 -0.245724 -0.217756 -0.17387 -0.179385
2 -0.170043 -0.150768 -0.135351 -0.188645 -0.158637 -0.147594
2 -0.576068 -0.209758 -0.517712 -0.591196 -0.209669 -0.516328
2 -0.562271 -0.209868 -0.51664 -0.549239 -0.209996 -0.51354
2 -0.511588 -0.210427 -0.499598 -0.525279 -0.210273 -0.504449
2 -0.267682 -0.126543 -0.460466 -0.26031 -0.12655 -0.451956
2 -0.267682 -0.126543 -0.460466 -0.279313 -0.126487 -0.473472
2 -0.302407 -0.126456 -0.492396 -0.292607 -0.126478 -0.484581
2 -0.292607 -0.126478 -0.484581 -0.279313 -0.126487 -0.473472
2 -0.240976 -0.126716 -0.416423 -0.24435 -0.126692 -0.423356
2 -0.240976 -0.126716 -0.416423 -0.230279 -0.126742 -0.396629
2 -0.227373 -0.126883 -0.379213 -0.227053 -0.126981 -0.360893
2 -0.227053 -0.126981 -0.360893 -0.233402 -0.127001 -0.353495
2 -0.276313 -0.127234 -0.30833 -0.283547 -0.127275 -0.301322
2 -0.314877 -0.127475 -0.273179 -0.305828 -0.12742 -0.281447
2 -0.294304 -0.127342 -0.291488 -0.305828 -0.12742 -0.281447
2 -0.320082 -0.12743 -0.267148 -0.314877 -0.127475 -0.273179
2 -0.484036 -0.132382 -0.107055 -0.488971 -0.132001 -0.136891
2 -0.45229 -0.130463 -0.184109 -0.476495 -0.131427 -0.1551
2 -0.350703 -0.127938 -0.25662 -0.373977 -0.128239 -0.248544
2 0.509993 -0.127035 0.172775 0.511003 -0.127038 0.172076
2 0.489878 -0.126975 0.188814 0.48079 -0.126945 0.197827
2 0.517473 -0.127027 0.333233 0.531493 -0.12703 0.331029
2 0.474884 -0.126906 0.319055 0.467867 -0.126875 0.311254
2 0.599668 -0.127201 0.311741 0.582818 -0.127154 0.317481
2 0.599668 -0.127201 0.311741 0.611265 -0.127245 0.30609
2 0.45236 -0.126813 0.260211 0.452513 -0.126791 0.270381
2 0.45236 -0.126813 0.260211 0.454121 -0.126844 0.248068
2 0.69275 -0.127504 0.110671 0.717259 -0.127708 0.138641
2 0.634645 -0.127373 0.28914 0.647185 -0.127462 0.277334
2 0.666571 -0.127683 0.248653 0.672961 -0.127764 0.238212
2 0.367617 -0.131314 -0.0885852 0.381965 -0.131274 -0.0878716
2 0.39196 -0.131241 -0.0872679 0.412576 -0.131117 -0.08462
2 0.332887 -0.130398 -0.0828156 0.315795 -0.129493 -0.0780968
2 0.451881 -0.13075 -0.0721185 0.46404 -0.130616 -0.0668313
2 -0.0701527 -0.127311 0.61214 -0.0537677 -0.127341 0.609648
2 -0.0701527 -0.127311 0.61214 -0.0745291 -0.127303 0.612915
2 -0.121229 -0.127211 0.633239 -0.102166 -0.127245 0.623374
2 -0.15101 -0.127184 0.659553 -0.136634 -0.127177 0.644836
2 -0.0745291 -0.127303 0.612915 -0.0867881 -0.127277 0.615861
2 -0.15101 -0.127184 0.659553 -0.16272 -0.127161 0.671651
2 -0.16272 -0.127161 0.671651 -0.168649 -0.127159 0.6792
2 -0.256678 -0.126655 0.781857 -0.270718 -0.127013 0.787814
2 -0.332832 -0.129727 0.740301 -0.322369 -0.129123 0.75191
2 -0.332832 -0.129727 0.740301 -0.369069 -0.131812 0.700442
2 -0.375749 -0.131234 0.543931 -0.377184 -0.13148 0.554754
2 -0.37872 -0.131745 0.566391 -0.377184 -0.13148 0.554754
2 -0.372426 -0.130673 0.51785 -0.369594 -0.130136 0.503562
2 -0.369594 -0.130136 0.503562 -0.366753 -0.129574 0.490669
2 0.287871 -0.126872 0.781785 0.2957 -0.126758 0.800932
2 0.27199 -0.129024 0.679639 0.272987 -0.128455 0.700435
2 0.270483 -0.1299 0.647288 0.27199 -0.129024 0.679639
2 0.269684 -0.132547 0.489191 0.269746 -0.132527 0.477814
2 0.256385 -0.12626 0.410179 0.263749 -0.129556 0.429072
2 0.268669 -0.131905 0.559297 0.269264 -0.132324 0.525156
2 0.223398 -0.111478 0.335187 0.204728 -0.103086 0.304212
2 0.176316 -0.0901792 0.265894 0.184394 -0.0939045 0.275522
2 0.190057 -0.0964494 0.283183 0.184394 -0.0939045 0.275522
2 0.190057 -0.0964494 0.283183 0.204728 -0.103086 0.304212
2 -0.15415 -0.0717974 0.10741 -0.147217 -0.0710107 0.104922
2 -0.459028 -0.132485 -0.0445111 -0.465658 -0.132586 -0.0546841
2 -0.478428 -0.132768 -0.0756037 -0.481133 -0.132598 -0.0898205
2 -0.401364 -0.127661 0.0113264 -0.392266 -0.125706 0.0179341
2 -0.314553 -0.103884 0.0913703 -0.305196 -0.101428 0.105012
2 -0.349861 -0.125847 0.426964 -0.354364 -0.126878 0.443058
2 -0.335152 -0.120327 0.387837 -0.327347 -0.11729 0.367419
2 -0.362984 -0.12876 0.475762 -0.366753 -0.129574 0.490669
2 -0.335152 -0.120327 0.387837 -0.349861 -0.125847 0.426964
2 -0.220118 -0.126802 0.748352 -0.209307 -0.126919 0.734327
2 0.095562 -0.0636659 0.165631 0.114739 -0.0664573 0.186422
2 0.495845 -0.130264 -0.0529221 0.46404 -0.130616 -0.0668313
2 -0.12725 -0.13141 -0.100823 -0.151848 -0.14267 -0.12124
2 0.382916 -0.209946 -0.328719 0.342263 -0.210029 -0.322276
2 -0.482675 -0.132495 -0.0982681 -0.484036 -0.132382 -0.107055
2 0.426326 -0.20985 -0.335343 0.382916 -0.209946 -0.328719
2 0.571367 -0.209069 -0.32278 0.584546 -0.209057 -0.318834
2 0.50783 -0.139764 -0.690336 0.498125 -0.139748 -0.700291
2 0.243113 -0.122199 -0.0566899 0.229003 -0.121116 -0.0556794
2 -0.373977 -0.128239 -0.248544 -0.45229 -0.130463 -0.184109
2 0.268871 -0.209862 -0.302556 0.254092 -0.209717 -0.297116
2 -0.110711 0.1361 0.0267107 -0.110697 0.136102 0.0267091
2 -0.113761 0.104936 0.0193859 -0.113768 0.10494 0.0193932
2 0.0505314 0.134316 0.030327 0.0505429 0.134286 0.0303473
2 0.0531445 0.105952 0.0180534 0.0531541 0.105939 0.0180195
2 -0.110711 0.1361 0.0267107 -0.110716 0.1361 0.0267101
2 -0.114926 0.135656 -0.00587311 -0.114928 0.135658 -0.00587185
2 -0.11493 0.135661 -0.00586943 -0.114928 0.135658 -0.00587185
2 0.0539954 0.133903 -0.00781637 0.0539973 0.133905 -0.00781608
2 0.0539984 0.133907 -0.00781455 0.0539973 0.133905 -0.00781608
2 -0.401364 -0.127661 0.0113264 -0.410388 -0.129502 0.0054696
2 -0.37872 -0.131745 0.566391 -0.381224 -0.132172 0.585705
2 -0.372426 -0.130673 0.51785 -0.375749 -0.131234 0.543931
2 -0.382842 -0.132507 0.623882 -0.381103 -0.132494 0.661385
2 -0.382842 -0.132507 0.623882 -0.382923 -0.132448 0.604704
2 -0.318214 -0.128884 0.756545 -0.322369 -0.129123 0.75191
2 -0.244977 -0.126756 0.772336 -0.256678 -0.126655 0.781857
2 -0.244977 -0.126756 0.772336 -0.236494 -0.126728 0.766141
2 -0.0537677 -0.127341 0.609648 -0.0412816 -0.127357 0.609198
2 0.502983 -0.130184 -0.0494377 0.537292 -0.129788 -0.0307122
2 0.332887 -0.130398 -0.0828156 0.363195 -0.131288 -0.0883517
2 0.697565 -0.128186 0.185763 0.717259 -0.127708 0.138641
2 0.460561 -0.126868 0.229318 0.457795 -0.126858 0.238044
2 0.469786 -0.126911 0.213096 0.473076 -0.12692 0.208326
2 -0.34241 -0.127824 -0.259668 -0.350703 -0.127938 -0.25662
2 -0.439343 -0.211348 -0.465372 -0.464648 -0.211007 -0.478827
2 -0.684567 -0.209475 -0.26634 -0.698932 -0.209446 -0.277407
2 -0.684567 -0.209475 -0.26634 -0.673537 -0.209285 -0.259596
2 0.663439 -0.209043 -0.297241 0.680757 -0.209037 -0.293259
2 -0.0794897 -0.141131 -0.461899 -0.0778713 -0.140966 -0.475794
2 -0.340134 -0.138505 -0.70894 -0.333783 -0.138466 -0.718992
2 0.106434 -0.139004 -0.606911 0.0983421 -0.138942 -0.589559
2 0.544678 -0.139832 -0.654022 0.531176 -0.139806 -0.667029
2 0.693326 -0.139704 -0.682164 0.693152 -0.139739 -0.671236
2 0.297256 -0.12835 -0.07251 0.315795 -0.129493 -0.0780968
2 0.571444 -0.139878 -0.629945 0.581408 -0.139898 -0.622998
2 0.487535 -0.139732 -0.711127 0.482037 -0.139724 -0.716663
2 0.186333 -0.139438 -0.728485 0.194329 -0.139467 -0.736541
2 0.160841 -0.13933 -0.698905 0.168596 -0.139368 -0.709537
2 0.139543 -0.139226 -0.670168 0.149303 -0.139275 -0.683632
2 0.249317 -0.139584 -0.770894 0.234801 -0.139562 -0.76402
2 0.222799 -0.13954 -0.757402 0.234801 -0.139562 -0.76402
2 0.0578065 -0.139062 -0.468903 0.0598904 -0.138991 -0.478582
2 0.149303 -0.139275 -0.683632 0.160841 -0.13933 -0.698905
2 0.0326271 -0.139563 -0.356159 0.0368815 -0.139651 -0.3729
2 -0.491402 -0.139105 -0.787837 -0.48716 -0.139027 -0.804936
2 -0.493108 -0.139139 -0.771212 -0.503536 -0.139455 -0.757352
2 -0.457955 -0.138503 -0.702159 -0.448578 -0.138525 -0.698434
2 -0.321901 -0.138731 -0.909967 -0.302933 -0.138757 -0.905351
2 -0.424945 -0.138742 -0.891428 -0.407766 -0.138731 -0.896811
2 -0.0632135 -0.137776 -0.612757 -0.0648216 -0.137824 -0.630256
2 -0.0766168 -0.14084 -0.486142 -0.0736464 -0.140561 -0.510233
2 -0.082205 -0.141419 -0.436736 -0.0833065 -0.141545 -0.424927
2 -0.0792722 -0.141234 -0.313096 -0.0814635 -0.141449 -0.33113
2 0.740758 -0.209023 -0.282448 0.717491 -0.209006 -0.285429
2 0.486374 -0.209535 -0.338227 0.475192 -0.209614 -0.338413
2 0.254092 -0.209717 -0.297116 0.237499 -0.208858 -0.290018
2 -0.635446 -0.208938 -0.260869 -0.653911 -0.209332 -0.25867
2 -0.723173 -0.209427 -0.296149 -0.714267 -0.209433 -0.289217
2 -0.654529 -0.209451 -0.497331 -0.633672 -0.209517 -0.504161
2 -0.686861 -0.209366 -0.485397 -0.707083 -0.209315 -0.477738
2 -0.617069 -0.209569 -0.50959 -0.62096 -0.209557 -0.508311
2 -0.400591 -0.211879 -0.443939 -0.391545 -0.212014 -0.438674
2 -0.400591 -0.211879 -0.443939 -0.417687 -0.211643 -0.453537
2 -0.206392 -0.167569 -0.165258 -0.217756 -0.17387 -0.179385
2 -0.262843 -0.127164 -0.322075 -0.276313 -0.127234 -0.30833
2 -0.476495 -0.131427 -0.1551 -0.488971 -0.132001 -0.136891
2 0.497969 -0.127001 0.181618 0.509993 -0.127035 0.172775
2 0.582818 -0.127154 0.317481 0.565709 -0.127107 0.323185
2 0.556228 -0.127083 0.325837 0.548052 -0.127065 0.327726
2 0.556228 -0.127083 0.325837 0.565709 -0.127107 0.323185
2 0.647185 -0.127462 0.277334 0.651664 -0.127519 0.270027
2 0.497969 -0.127001 0.181618 0.489878 -0.126975 0.188814
2 0.459753 -0.126836 0.29319 0.456731 -0.126806 0.285157
2 0.688275 -0.128015 0.206552 0.681095 -0.127898 0.221272
2 0.688275 -0.128015 0.206552 0.697565 -0.128186 0.185763
2 0.581878 -0.129242 0.00126506 0.589715 -0.129144 0.00730046
2 0.630496 -0.128619 0.0447887 0.644426 -0.128437 0.0589745
2 0.65978 -0.127597 0.25973 0.651664 -0.127519 0.270027
2 0.666571 -0.127683 0.248653 0.65978 -0.127597 0.25973
2 0.39196 -0.131241 -0.0872679 0.381965 -0.131274 -0.0878716
2 0.367617 -0.131314 -0.0885852 0.363195 -0.131288 -0.0883517
2 0.44478 -0.130828 -0.0751564 0.451881 -0.13075 -0.0721185
2 -0.310645 -0.128417 0.764867 -0.318214 -0.128884 0.756545
2 -0.376174 -0.132211 0.687098 -0.369069 -0.131812 0.700442
2 0.283981 -0.126928 0.772295 0.287871 -0.126872 0.781785
2 0.26978 -0.130348 0.630209 0.269224 -0.13068 0.617771
2 0.268739 -0.131096 0.600568 0.269224 -0.13068 0.617771
2 0.268581 -0.131335 0.589756 0.268739 -0.131096 0.600568
2 0.274294 -0.127712 0.727548 0.273578 -0.128119 0.712699
2 0.26978 -0.130348 0.630209 0.270483 -0.1299 0.647288
2 0.2696 -0.132493 0.500282 0.269264 -0.132324 0.525156
2 0.263749 -0.129556 0.429072 0.270462 -0.132548 0.446006
2 -0.435839 -0.131514 -0.017679 -0.440423 -0.131723 -0.0229436
2 -0.424635 -0.130717 -0.0072784 -0.435839 -0.131514 -0.017679
2 -0.357215 -0.1275 0.453856 -0.354364 -0.126878 0.443058
2 -0.382923 -0.132448 0.604704 -0.381224 -0.132172 0.585705
2 0.179717 -0.121835 -0.0636149 0.171234 -0.122224 -0.0656037
2 0.179717 -0.121835 -0.0636149 0.197173 -0.120758 -0.0588054
2 -0.206392 -0.167569 -0.165258 -0.188645 -0.158637 -0.147594
2 0.307978 -0.210022 -0.314783 0.342263 -0.210029 -0.322276
2 0.652294 -0.128334 0.0670158 0.66891 -0.128055 0.0844373
2 -0.283547 -0.127275 -0.301322 -0.294304 -0.127342 -0.291488
2 0.486374 -0.209535 -0.338227 0.4959 -0.209462 -0.337848
2 -0.0839888 -0.138289 -0.69617 -0.0952149 -0.138429 -0.722247
2 0.21785 -0.120368 -0.0552612 0.211224 -0.119929 -0.0550226
2 0.0505314 0.134316 0.030327 0.0505189 0.134349 0.0303061
2 -0.459028 -0.132485 -0.0445111 -0.449799 -0.132176 -0.0327402
2 -0.220118 -0.126802 0.748352 -0.236494 -0.126728 0.766141
2 0.634645 -0.127373 0.28914 0.611265 -0.127245 0.30609
2 0.452513 -0.126791 0.270381 0.456731 -0.126806 0.285157
2 -0.242718 -0.127061 -0.343369 -0.233402 -0.127001 -0.353495
2 0.131318 -0.139175 -0.655536 0.139543 -0.139226 -0.670168
2 0.676623 -0.139761 -0.740253 0.676233 -0.139755 -0.741233
2 0.50783 -0.139764 -0.690336 0.514938 -0.139777 -0.683118
2 0.461426 -0.139695 -0.736788 0.475814 -0.139715 -0.722778
2 0.357155 -0.139639 -0.783932 0.353674 -0.139638 -0.784931
2 0.0458574 -0.139434 -0.413692 0.0368815 -0.139651 -0.3729
2 0.0221241 -0.139056 -0.314814 0.0296488 -0.139423 -0.344466
2 -0.465837 -0.138816 -0.862007 -0.457862 -0.13879 -0.87129
2 -0.475999 -0.138899 -0.838538 -0.48163 -0.138959 -0.822308
2 0.593192 -0.209055 -0.316391 0.612542 -0.209052 -0.31097
2 0.518685 -0.209283 -0.336741 0.4959 -0.209462 -0.337848
2 0.199361 -0.192902 -0.236717 0.193703 -0.18971 -0.229078
2 -0.653911 -0.209332 -0.25867 -0.673537 -0.209285 -0.259596
2 -0.439343 -0.211348 -0.465372 -0.417687 -0.211643 -0.453537
2 0.279365 -0.127365 -0.0674197 0.297256 -0.12835 -0.07251
2 0.269746 -0.132527 0.477814 0.270289 -0.132665 0.462471
2 -0.357215 -0.1275 0.453856 -0.359415 -0.127981 0.462197
2 0.563657 -0.129468 -0.0124681 0.57553 -0.129321 -0.0035765
2 0.199361 -0.192902 -0.236717 0.207074 -0.19623 -0.247492
2 -0.48716 -0.139027 -0.804936 -0.48163 -0.138959 -0.822308
2 -0.156102 -0.138863 -0.827726 -0.144249 -0.138826 -0.812577
2 -0.366682 -0.138706 -0.909253 -0.384179 -0.138715 -0.904186
2 0.475192 -0.209614 -0.338413 0.455853 -0.209738 -0.338277
2 -0.654529 -0.209451 -0.497331 -0.67069 -0.209407 -0.491543
2 -0.311329 -0.109726 0.336698 -0.318744 -0.113261 0.350682
2 -0.311329 -0.109726 0.336698 -0.303793 -0.106145 0.322454
2 -0.424635 -0.130717 -0.0072784 -0.410388 -0.129502 0.0054696
2 -0.482675 -0.132495 -0.0982681 -0.481133 -0.132598 -0.0898205
2 0.69275 -0.127504 0.110671 0.66891 -0.128055 0.0844373
2 -0.759794 -0.209306 -0.342725 -0.765234 -0.209233 -0.362513
2 0.530706 -0.209153 -0.336081 0.518685 -0.209283 -0.336741
2 0.571367 -0.209069 -0.32278 0.551677 -0.209195 -0.328811
2 0.0221241 -0.139056 -0.314814 0.0179707 -0.138486 -0.296875
2 -0.183356 -0.138919 -0.860547 -0.187944 -0.138928 -0.865652
2 -0.384179 -0.138715 -0.904186 -0.407766 -0.138731 -0.896811
2 -0.302933 -0.138757 -0.905351 -0.28827 -0.138778 -0.901618
2 -0.321901 -0.138731 -0.909967 -0.338534 -0.138715 -0.911192
2 0.186333 -0.139438 -0.728485 0.178237 -0.139411 -0.72158
2 0.571444 -0.139878 -0.629945 0.556904 -0.139853 -0.642727
2 0.249317 -0.139584 -0.770894 0.263597 -0.139595 -0.774535
2 0.088748 -0.138863 -0.56804 0.0936375 -0.138904 -0.579212
2 -0.265134 -0.138812 -0.895592 -0.275311 -0.138798 -0.898243
2 -0.12011 -0.13871 -0.777126 -0.128849 -0.138774 -0.792554
2 -0.105905 -0.138558 -0.746698 -0.101211 -0.138501 -0.735976
2 -0.169595 -0.138903 -0.844641 -0.158816 -0.138872 -0.831148
2 -0.0952149 -0.138429 -0.722247 -0.101211 -0.138501 -0.735976
2 -0.576067 -0.208707 -0.355598 -0.577536 -0.208815 -0.34319
2 -0.576068 -0.209758 -0.517712 -0.562271 -0.209868 -0.51664
2 0.125141 -0.141863 -0.121418 0.128688 -0.1463 -0.13183
2 -0.188285 -0.127114 0.707423 -0.197504 -0.127036 0.719295
2 -0.286004 -0.127037 0.790078 -0.270718 -0.127013 0.787814
2 0.256385 -0.12626 0.410179 0.249085 -0.122991 0.391619
2 0.703927 -0.209016 -0.288176 0.717491 -0.209006 -0.285429
2 0.249085 -0.122991 0.391619 0.235599 -0.11695 0.360132
2 0.269684 -0.132547 0.489191 0.2696 -0.132493 0.500282
2 0.695177 -0.209025 -0.290064 0.680757 -0.209037 -0.293259
2 0.539991 -0.209203 -0.335364 0.530706 -0.209153 -0.336081
2 0.672961 -0.127764 0.238212 0.681095 -0.127898 0.221272
2 0.280996 -0.126978 0.764999 0.283981 -0.126928 0.772295
2 0.0625672 -0.138894 -0.491095 0.0672879 -0.138748 -0.512982
2 0.644426 -0.128437 0.0589745 0.652294 -0.128334 0.0670158
2 0.237499 -0.208858 -0.290018 0.220309 -0.201809 -0.266089
2 -0.475 -0.138487 -0.712091 -0.457955 -0.138503 -0.702159
2 0.619175 -0.140022 -0.611851 0.63798 -0.140102 -0.611863
2 -0.223091 -0.138875 -0.884615 -0.246158 -0.13884 -0.89061
2 -0.255858 -0.138826 -0.893168 -0.246158 -0.13884 -0.89061
2 0.426326 -0.20985 -0.335343 0.455853 -0.209738 -0.338277
2 -0.579635 -0.208285 -0.390104 -0.580098 -0.208233 -0.391494
2 -0.262843 -0.127164 -0.322075 -0.253765 -0.127119 -0.331576
2 0.604473 -0.128959 0.0189017 0.619765 -0.128759 0.0339754
2 -0.362984 -0.12876 0.475762 -0.359415 -0.127981 0.462197
2 0.223398 -0.111478 0.335187 0.235599 -0.11695 0.360132
2 0.433837 -0.139666 -0.75684 0.416661 -0.139653 -0.76681
2 0.347368 -0.139636 -0.786517 0.334456 -0.139633 -0.787529
2 0.263597 -0.139595 -0.774535 0.299763 -0.139617 -0.781892
2 -0.549239 -0.209996 -0.51354 -0.525279 -0.210273 -0.504449
2 -0.289673 -0.0990915 0.286001 -0.286553 -0.0975405 0.277992
2 -0.392266 -0.125706 0.0179341 -0.379182 -0.122415 0.0271217
2 0.57553 -0.129321 -0.0035765 0.581878 -0.129242 0.00126506
2 -0.0244655 -0.122145 -0.150284 -0.0263418 -0.126646 -0.180949
2 0.011873 -0.137318 -0.276734 0.00596663 -0.136174 -0.257765
2 -0.0822026 -0.141523 -0.343986 -0.0814635 -0.141449 -0.33113
2 0.136445 -0.154217 -0.150034 0.156563 -0.167429 -0.177407
2 0.156563 -0.167429 -0.177407 0.165953 -0.174657 -0.192956
2 -0.67069 -0.209407 -0.491543 -0.677382 -0.20939 -0.488997
2 0.272987 -0.128455 0.700435 0.273578 -0.128119 0.712699
2 -0.478428 -0.132768 -0.0756037 -0.47455 -0.132772 -0.0672243
2 -0.274167 -0.0918039 0.244046 -0.281458 -0.0950657 0.262764
2 0.178237 -0.139411 -0.72158 0.168596 -0.139368 -0.709537
2 -0.440423 -0.131723 -0.0229436 -0.449799 -0.132176 -0.0327402
2 -0.318744 -0.113261 0.350682 -0.327347 -0.11729 0.367419
2 -0.0822026 -0.141523 -0.343986 -0.0833754 -0.141627 -0.368686
2 0.152026 -0.0790626 0.23571 0.176316 -0.0901792 0.265894
2 0.550646 -0.129624 -0.0209428 0.563657 -0.129468 -0.0124681
2 -0.156102 -0.138863 -0.827726 -0.158816 -0.138872 -0.831148
2 -0.686861 -0.209366 -0.485397 -0.677382 -0.20939 -0.488997
2 -0.359074 -0.116473 0.0436128 -0.379182 -0.122415 0.0271217
2 -0.0397369 -0.109121 -0.0576366 -0.0332722 -0.102178 -0.0314107
2 0.0286245 -0.0688721 0.0855211 0.0399544 -0.0666011 0.0998864
2 0.137701 -0.0729792 0.218184 0.127797 -0.0699694 0.204651
2 -0.271813 -0.0907904 0.229865 -0.274167 -0.0918039 0.244046
2 0.550646 -0.129624 -0.0209428 0.537292 -0.129788 -0.0307122
2 -0.29372 -0.101108 0.296335 -0.289673 -0.0990915 0.286001
2 0.137701 -0.0729792 0.218184 0.152026 -0.0790626 0.23571
2 -0.00260807 -0.134255 -0.236451 0.00596663 -0.136174 -0.257765
2 0.131176 -0.149142 -0.13845 0.128688 -0.1463 -0.13183
2 -0.0491255 -0.133303 -0.222014 -0.0527963 -0.134156 -0.227563
2 0.114739 -0.0664573 0.186422 0.127797 -0.0699694 0.204651
2 -0.0294527 -0.13013 -0.203608 -0.0491255 -0.133303 -0.222014
2 -0.281458 -0.0950657 0.262764 -0.286553 -0.0975405 0.277992
2 -0.276201 -0.0927132 0.192458 -0.271813 -0.0907904 0.229865
2 0.0600632 -0.0636241 0.125083 0.0739943 -0.063472 0.140814
2 0.197173 -0.120758 -0.0588054 0.211224 -0.119929 -0.0550226
2 -0.0244655 -0.122145 -0.150284 -0.0243476 -0.119784 -0.134827
2 -0.32679 -0.107239 0.0768252 -0.345409 -0.112425 0.0549686
2 -0.314553 -0.103884 0.0913703 -0.32679 -0.107239 0.0768252
2 0.0600632 -0.0636241 0.125083 0.0532398 -0.0642134 0.116142
2 -0.12725 -0.13141 -0.100823 -0.104881 -0.122473 -0.083194
2 -0.104881 -0.122473 -0.083194 -0.0943281 -0.118395 -0.0749726
2 -0.0943281 -0.118395 -0.0749726 -0.0837111 -0.11625 -0.0711993
2 0.125141 -0.141863 -0.121418 0.12321 -0.132106 -0.0963891
2 -0.159713 -0.0724867 0.109334 -0.15415 -0.0717974 0.10741
2 -0.147217 -0.0710107 0.104922 -0.136945 -0.0699227 0.101135
2 -0.0693589 -0.075621 0.0583838 -0.0577987 -0.077992 0.0488019
2 -0.0230539 -0.117102 -0.11915 -0.0243476 -0.119784 -0.134827
2 -0.267198 -0.0924783 0.137437 -0.234433 -0.0861719 0.129734
2 -0.186307 -0.0773278 0.116632 -0.159713 -0.0724867 0.109334
2 0.131176 -0.149142 -0.13845 0.136445 -0.154217 -0.150034
2 -0.28389 -0.0960081 0.135693 -0.267198 -0.0924783 0.137437
2 -0.0739494 -0.114463 -0.0665506 -0.0837111 -0.11625 -0.0711993
2 0.0119879 -0.0783669 0.0495142 0.00901211 -0.0800177 0.0433546
2 0.00901211 -0.0800177 0.0433546 0.00463206 -0.0831567 0.0334649
2 -0.11858 -0.0692153 0.0927137 -0.136945 -0.0699227 0.101135
2 -0.1047 -0.0693754 0.08544 -0.0880567 -0.0720653 0.0733381
2 0.0923654 -0.121814 -0.0715941 0.0690028 -0.117102 -0.0610458
2 0.0509688 -0.113498 -0.0530566 0.0690028 -0.117102 -0.0610458
2 -0.00276542 -0.0868567 0.0216919 0.00463206 -0.0831567 0.0334649
2 0.015404 -0.0764075 0.0568844 0.0119879 -0.0783669 0.0495142
2 0.15626 -0.125497 -0.0757225 0.171234 -0.122224 -0.0656037
2 -0.0507149 -0.0796356 0.0425143 -0.0458179 -0.0817467 0.0359011
2 0.12321 -0.132106 -0.0963891 0.0923654 -0.121814 -0.0715941
2 0.0313238 -0.109197 -0.0428633 0.0509688 -0.113498 -0.0530566
2 -0.0332722 -0.102178 -0.0314107 -0.0323647 -0.101443 -0.02876
2 -0.0397369 -0.109121 -0.0576366 -0.0298403 -0.112675 -0.0807658
