2 -0.0497983 0.0133123 0.0784506 -0.0491779 0.0138464 0.073273
2 -0.000240968 0.137726 0.0401549 -0.000200048 0.136581 0.0363546
2 -0.000240968 0.137726 0.0401549 -0.000206736 0.138867 0.0435569
2 0.000497184 0.179613 -0.215267 0.000812887 0.176808 -0.209492
2 0.00100733 0.174983 -0.205547 0.000812887 0.176808 -0.209492
2 -0.0870776 0.0150462 0.0858635 -0.085222 0.0148792 0.0856247
2 -0.0674749 0.0133968 0.0826755 -0.0626618 0.0132098 0.0814474
2 -0.0437494 0.0130453 0.0836183 -0.0466441 0.0130664 0.0812078
2 -0.057361 0.0130866 0.0801692 -0.053327 0.0131766 0.0795078
2 -0.0473763 0.015049 0.0665376 -0.0462124 0.0158226 0.0626824
2 -0.0304116 0.0503239 0.0314439 -0.0296416 0.0525965 0.0306372
2 -0.0309243 0.0488301 0.032018 -0.0304116 0.0503239 0.0314439
2 -0.0296416 0.0525965 0.0306372 -0.0291522 0.0540315 0.0301422
2 -0.0389506 0.0131623 0.0872383 -0.0410018 0.0130886 0.0856345
2 -0.0343359 0.0391252 0.0362507 -0.0384798 0.0276326 0.0420404
2 -0.0272691 0.059291 0.0286924 -0.0235261 0.0685975 0.0270095
2 -0.000129335 0.141755 0.0541843 -0.000110039 0.143112 0.0595621
2 -0.000130964 0.132081 0.0299492 -0.000157738 0.129886 0.027004
2 -0.000118158 0.252198 0.131979 -8.93318e-05 0.24374 0.130817
2 -0.000130999 0.261279 0.133518 -0.000129133 0.267804 0.134819
2 7.30735e-05 0.219448 0.126806 3.95925e-05 0.222093 0.127454
2 -0.000465285 0.137123 -0.0119712 -0.000440555 0.136592 -0.0084404
2 -0.000494533 0.138714 -0.0224604 -0.00048824 0.138292 -0.0196692
2 -0.000494533 0.138714 -0.0224604 -0.000501341 0.139647 -0.0284362
2 -0.000493046 0.188414 -0.232577 -0.000459165 0.189893 -0.234067
2 0.00114597 0.173358 -0.201497 0.00123778 0.172241 -0.198658
2 -0.0158426 0.0865445 0.023764 -0.0138601 0.0908671 0.0229664
2 -6.97099e-05 0.145969 0.0710515 -6.16818e-05 0.146528 0.0733352
2 -0.000189722 0.139663 0.0464121 -0.00015342 0.14054 0.0495443
2 -0.000123651 0.117325 0.0208712 -0.000141057 0.120986 0.0211866
2 -5.85035e-05 0.234593 0.129555 -1.62169e-05 0.226954 0.128551
2 0.000128484 0.214781 0.125353 0.000184263 0.210084 0.123891
2 0.000254789 0.204079 0.122002 0.000284238 0.201516 0.121179
2 -4.66254e-05 0.281319 0.14424 -1.27443e-05 0.284569 0.148278
2 0.00130381 0.171438 -0.196617 0.00140086 0.170225 -0.193548
2 -0.000155781 0.268174 0.194355 -0.000142771 0.274097 0.186374
2 -0.000142771 0.274097 0.186374 7.30784e-05 0.279351 0.178803
2 7.30784e-05 0.279351 0.178803 7.29283e-05 0.283518 0.170223
2 -0.00037117 0.153549 -0.100812 -0.000295461 0.154855 -0.106325
2 0.000479418 0.162766 -0.152849 0.00033889 0.16251 -0.149864
2 -0.00028276 0.160565 -0.133144 -0.00035899 0.159871 -0.129894
2 -0.00036949 0.159469 -0.127975 -0.00035899 0.159871 -0.129894
2 -0.000484297 0.141974 -0.0424265 -0.000468011 0.142866 -0.0473354
2 -0.000501787 0.140698 -0.0349657 -0.000501881 0.140173 -0.031763
2 -0.00037117 0.153549 -0.100812 -0.000328443 0.152605 -0.0968612
2 -0.000629908 0.191151 -0.235543 -0.000459165 0.189893 -0.234067
2 0.000149342 0.162143 -0.145733 0.000265021 0.16237 -0.148269
2 -0.00048824 0.138292 -0.0196692 -0.000475722 0.137613 -0.0151981
2 -0.000352131 0.150265 -0.0855897 -0.000370343 0.148627 -0.077644
2 -0.000189722 0.139663 0.0464121 -0.000206736 0.138867 0.0435569
2 -0.0392439 0.0257112 0.0434097 -0.0405024 0.023519 0.0466419
2 -0.0415342 0.0216956 0.0492033 -0.0405024 0.023519 0.0466419
2 -0.0415342 0.0216956 0.0492033 -0.0440988 0.0168703 0.0555407
2 -0.0437494 0.0130453 0.0836183 -0.0410018 0.0130886 0.0856345
2 -0.0392439 0.0257112 0.0434097 -0.0384798 0.0276326 0.0420404
2 -0.0462124 0.0158226 0.0626824 -0.0440988 0.0168703 0.0555407
2 -0.0590655 0.0131009 0.0805244 -0.0610171 0.0131556 0.0810419
2 -0.0466441 0.0130664 0.0812078 -0.0497983 0.0133123 0.0784506
2 -0.0488292 0.0140673 0.0719089 -0.0491779 0.0138464 0.073273
2 -0.053327 0.0131766 0.0795078 -0.0497983 0.0133123 0.0784506
2 -0.0713753 0.0136749 0.0838047 -0.0674749 0.0133968 0.0826755
2 -0.0815938 0.0145534 0.0851597 -0.085222 0.0148792 0.0856247
2 -0.073353 0.0138389 0.0841097 -0.0713753 0.0136749 0.0838047
2 -0.0473763 0.015049 0.0665376 -0.0481917 0.0144977 0.0694836
2 -0.073353 0.0138389 0.0841097 -0.0779132 0.0142287 0.08469
2 -0.0815938 0.0145534 0.0851597 -0.0779132 0.0142287 0.08469
2 0.000497184 0.179613 -0.215267 8.24404e-05 0.183142 -0.222193
2 0.0742976 0.0139902 0.0847124 0.076502 0.0141044 0.084864
2 0.0672766 0.013464 0.0833833 0.0702888 0.0137694 0.084371
2 0.0651498 0.0133319 0.0830271 0.0593467 0.0130579 0.0812391
2 0.0651498 0.0133319 0.0830271 0.0672766 0.013464 0.0833833
2 0.0535163 0.0128257 0.0794475 0.0560452 0.012925 0.0801966
2 0.0593467 0.0130579 0.0812391 0.0560452 0.012925 0.0801966
2 0.0357376 0.0323152 0.0380568 0.036457 0.0304768 0.0393029
2 0.0443637 0.0129701 0.0802754 0.0407725 0.0131552 0.0830397
2 0.0504323 0.0129243 0.0791954 0.0522279 0.0128903 0.0791605
2 0.0471818 0.0137421 0.07404 0.0465658 0.0132298 0.077261
2 0.0297724 0.0480106 0.0303931 0.0292646 0.0493634 0.0299848
2 0.0334453 0.013915 0.0888214 0.0314868 0.0142856 0.0905265
2 0.0260398 0.0576927 0.0280695 0.0251656 0.0598961 0.0276636
2 -0.000100152 0.133738 0.032302 -0.000200048 0.136581 0.0363546
2 -0.000436327 0.144605 -0.0568429 -0.000410107 0.146004 -0.0644956
2 -0.000275335 0.135132 -0.000683875 1.51144e-05 0.133875 0.00542152
2 -0.000213639 0.128465 0.015888 -0.000199693 0.129825 0.0136455
2 -0.000398015 0.146653 -0.0678541 -0.000410107 0.146004 -0.0644956
2 -0.000493046 0.188414 -0.232577 -0.000284394 0.186124 -0.227714
2 0.0222967 0.067125 0.026334 0.0232651 0.0646872 0.026781
2 -0.000154194 0.126051 0.0242647 -0.000141057 0.120986 0.0211866
2 -0.000484297 0.141974 -0.0424265 -0.000501787 0.140698 -0.0349657
2 -0.000140011 0.13163 0.00956523 1.51144e-05 0.133875 0.00542152
2 0.000128484 0.214781 0.125353 7.30735e-05 0.219448 0.126806
2 3.58353e-05 0.289279 0.154685 5.98617e-06 0.286248 0.150556
2 -0.000111037 0.274855 0.136585 -9.37242e-05 0.276476 0.138662
2 -0.000111037 0.274855 0.136585 -0.000129133 0.267804 0.134819
2 4.68398e-05 0.288573 0.157643 5.19732e-05 0.287987 0.159802
2 4.68398e-05 0.288573 0.157643 3.58353e-05 0.289279 0.154685
2 7.29283e-05 0.283518 0.170223 5.73446e-05 0.287368 0.161699
2 -0.000155781 0.268174 0.194355 -0.000140227 0.261502 0.203224
2 -1.27443e-05 0.284569 0.148278 5.98617e-06 0.286248 0.150556
2 -8.41848e-05 0.25673 0.209886 -9.41757e-05 0.252558 0.216203
2 0.000597734 0.247492 0.225664 0.000444842 0.248527 0.223485
2 0.000444842 0.248527 0.223485 0.000279427 0.250127 0.220412
2 0.000279427 0.250127 0.220412 -9.41757e-05 0.252558 0.216203
2 -0.000140227 0.261502 0.203224 -0.000130267 0.261239 0.203577
2 -8.41848e-05 0.25673 0.209886 -0.000130267 0.261239 0.203577
2 -6.16818e-05 0.146528 0.0733352 -0.00011872 0.14716 0.0759351
2 0.000149342 0.162143 -0.145733 3.81249e-05 0.161858 -0.143012
2 -0.000310918 0.156042 -0.111891 -0.000295461 0.154855 -0.106325
2 -0.000347271 0.158381 -0.122874 -0.000332923 0.157465 -0.118573
2 -0.000357391 0.158979 -0.12568 -0.00036949 0.159469 -0.127975
2 -0.000398015 0.146653 -0.0678541 -0.000389353 0.147221 -0.0707008
2 -0.000284394 0.186124 -0.227714 8.24404e-05 0.183142 -0.222193
2 -0.000629908 0.191151 -0.235543 -0.000690817 0.191509 -0.23593
2 0.0014161 0.16451 -0.17291 0.00153412 0.16519 -0.178241
2 0.00103436 0.163489 -0.162701 0.000841165 0.163247 -0.159281
2 0.00140086 0.170225 -0.193548 0.00144721 0.169313 -0.190936
2 0.00157361 0.166698 -0.183222 0.00144721 0.169313 -0.190936
2 0.027907 0.052972 0.0289613 0.0286966 0.0508751 0.0295485
2 0.0334453 0.013915 0.0888214 0.0353249 0.0136338 0.0872873
2 0.028632 0.0147713 0.092667 0.0314868 0.0142856 0.0905265
2 0.0353249 0.0136338 0.0872873 0.0382164 0.0133601 0.085064
2 0.0893149 0.0146738 0.0858525 0.0875028 0.0146064 0.0854315
2 0.0471818 0.0137421 0.07404 0.0465608 0.0141888 0.0723021
2 0.0447893 0.0161464 0.0653061 0.0439976 0.0171056 0.0619717
2 0.0447893 0.0161464 0.0653061 0.0465608 0.0141888 0.0723021
2 0.0817873 0.0143239 0.0849781 0.0875028 0.0146064 0.0854315
2 -0.0316462 0.0467523 0.0328793 -0.0323629 0.0447021 0.0337585
2 -0.0291522 0.0540315 0.0301422 -0.0272691 0.059291 0.0286924
2 0.0357376 0.0323152 0.0380568 0.0340574 0.0366321 0.0353734
2 0.0340574 0.0366321 0.0353734 0.0316389 0.0430622 0.0325972
2 0.0243179 0.0620325 0.0272698 0.0232651 0.0646872 0.026781
2 0.0443637 0.0129701 0.0802754 0.0465658 0.0132298 0.077261
2 0.0166243 0.081051 0.0243331 0.0176011 0.0786773 0.0246726
2 0.019971 0.0728564 0.0255072 0.0185241 0.0764146 0.0249988
2 -0.0235261 0.0685975 0.0270095 -0.0217252 0.0729679 0.0262379
2 -0.0316462 0.0467523 0.0328793 -0.0309243 0.0488301 0.032018
2 -0.000118158 0.252198 0.131979 -0.000124625 0.256634 0.132727
2 0.000331837 0.197303 0.11981 0.000284238 0.201516 0.121179
2 -0.057361 0.0130866 0.0801692 -0.0590655 0.0131009 0.0805244
2 -0.0488292 0.0140673 0.0719089 -0.0481917 0.0144977 0.0694836
2 -0.0323629 0.0447021 0.0337585 -0.0343359 0.0391252 0.0362507
2 0.0248564 0.0606753 0.0275199 0.0251656 0.0598961 0.0276636
2 0.0156794 0.0833938 0.0240297 0.0137607 0.087596 0.023455
2 -5.85035e-05 0.234593 0.129555 -7.07937e-05 0.238241 0.130059
2 0.00123778 0.172241 -0.198658 0.00130381 0.171438 -0.196617
2 0.0316389 0.0430622 0.0325972 0.0297724 0.0480106 0.0303931
2 0.0702888 0.0137694 0.084371 0.0729535 0.0139221 0.0846278
2 0.07943 0.0142334 0.084964 0.0817873 0.0143239 0.0849781
2 -0.0138601 0.0908671 0.0229664 -0.0115589 0.0954076 0.0221196
2 0.0272333 0.054683 0.0286266 0.0260398 0.0576927 0.0280695
2 -0.0172326 0.0835521 0.0243416 -0.0192339 0.0789787 0.025215
2 -0.0115589 0.0954076 0.0221196 -0.00982554 0.0979787 0.0218665
2 -0.0158426 0.0865445 0.023764 -0.0172326 0.0835521 0.0243416
2 0.000215977 0.207385 0.123042 0.000254789 0.204079 0.122002
2 0.00153412 0.16519 -0.178241 0.00157361 0.166698 -0.183222
2 -7.36073e-05 0.278648 0.141083 -4.66254e-05 0.281319 0.14424
2 0.0248564 0.0606753 0.0275199 0.0243179 0.0620325 0.0272698
2 0.0166243 0.081051 0.0243331 0.0156794 0.0833938 0.0240297
2 5.73446e-05 0.287368 0.161699 5.19732e-05 0.287987 0.159802
2 0.0405477 0.0215187 0.0487454 0.0413137 0.0204463 0.051554
2 0.0419075 0.0196696 0.0538096 0.0413137 0.0204463 0.051554
2 -0.0192339 0.0789787 0.025215 -0.0217252 0.0729679 0.0262379
2 -0.0626618 0.0132098 0.0814474 -0.0610171 0.0131556 0.0810419
2 0.0729535 0.0139221 0.0846278 0.0742976 0.0139902 0.0847124
2 0.000390711 0.182507 0.112721 0.000395274 0.186018 0.114813
2 0.0535163 0.0128257 0.0794475 0.0522279 0.0128903 0.0791605
2 0.0405477 0.0215187 0.0487454 0.0398915 0.0221609 0.0458743
2 0.0286966 0.0508751 0.0295485 0.0292646 0.0493634 0.0299848
2 -7.07937e-05 0.238241 0.130059 -8.93318e-05 0.24374 0.130817
2 0.0376341 0.0274758 0.0413065 0.0398915 0.0221609 0.0458743
2 0.0176011 0.0786773 0.0246726 0.0185241 0.0764146 0.0249988
2 0.000396958 0.191232 0.117782 0.000397236 0.188811 0.116425
2 -9.37242e-05 0.276476 0.138662 -7.36073e-05 0.278648 0.141083
2 0.0012824 0.16399 -0.168538 0.0011582 0.16365 -0.164963
2 0.0011582 0.16365 -0.164963 0.00103436 0.163489 -0.162701
2 -0.00028276 0.160565 -0.133144 -0.000185629 0.16105 -0.136688
2 0.019971 0.0728564 0.0255072 0.0222967 0.067125 0.026334
2 0.0419075 0.0196696 0.0538096 0.0423247 0.0191416 0.0554183
2 0.0439976 0.0171056 0.0619717 0.0423247 0.0191416 0.0554183
2 0.0272333 0.054683 0.0286266 0.027907 0.052972 0.0289613
2 0.0137607 0.087596 0.023455 0.0107655 0.0933358 0.0228509
2 0.0107655 0.0933358 0.0228509 0.00929628 0.0961984 0.0225703
2 0.00021661 0.157551 0.0929273 0.000163376 0.154048 0.0892633
2 0.000396936 0.188377 0.116174 0.000397236 0.188811 0.116425
2 -1.62169e-05 0.226954 0.128551 3.95925e-05 0.222093 0.127454
2 0.00114597 0.173358 -0.201497 0.00100733 0.174983 -0.205547
2 0.00021661 0.157551 0.0929273 0.00026039 0.162681 0.0974189
2 0.076502 0.0141044 0.084864 0.07943 0.0142334 0.084964
2 0.036457 0.0304768 0.0393029 0.036989 0.0291139 0.040201
2 0.000215977 0.207385 0.123042 0.000184263 0.210084 0.123891
2 0.00324711 0.103178 0.0218775 0.0061394 0.100386 0.0221976
2 0.0061394 0.100386 0.0221976 0.00761572 0.0989626 0.0223406
2 0.000304689 0.168445 0.102082 0.000333414 0.172237 0.105135
2 0.0376341 0.0274758 0.0413065 0.036989 0.0291139 0.040201
2 0.000396936 0.188377 0.116174 0.00039565 0.186586 0.11514
2 -0.000184955 0.130346 0.0124414 -0.000199693 0.129825 0.0136455
2 -0.0060865 0.102698 0.0213788 -0.00148037 0.10769 0.0213577
2 -0.000370343 0.148627 -0.077644 -0.000377371 0.148102 -0.0750541
2 0.0465658 0.0132298 0.077261 0.0504323 0.0129243 0.0791954
2 -0.000347271 0.158381 -0.122874 -0.000357391 0.158979 -0.12568
2 -3.31415e-05 0.161601 -0.14096 -0.000185629 0.16105 -0.136688
2 0.000479418 0.162766 -0.152849 0.000841165 0.163247 -0.159281
2 0.00033889 0.16251 -0.149864 0.000265021 0.16237 -0.148269
2 -0.000129335 0.141755 0.0541843 -0.000142937 0.141107 0.0516536
2 0.00761572 0.0989626 0.0223406 0.00929628 0.0961984 0.0225703
2 0.0382164 0.0133601 0.085064 0.0407725 0.0131552 0.0830397
2 0.000331837 0.197303 0.11981 0.000396958 0.191232 0.117782
2 5.80869e-05 0.150384 0.0827595 0.000163376 0.154048 0.0892633
2 -0.000110039 0.143112 0.0595621 -7.67437e-05 0.145505 0.0691699
2 5.80869e-05 0.150384 0.0827595 -0.00011872 0.14716 0.0759351
2 -0.000184955 0.130346 0.0124414 -0.000140011 0.13163 0.00956523
2 0.000351415 0.174614 0.107049 0.000370978 0.1771 0.109075
2 0.0014161 0.16451 -0.17291 0.0012824 0.16399 -0.168538
2 -0.0060865 0.102698 0.0213788 -0.00982554 0.0979787 0.0218665
2 -0.000142937 0.141107 0.0516536 -0.00015342 0.14054 0.0495443
2 -0.00032 0.156605 -0.114536 -0.000328704 0.157193 -0.117297
2 -0.000352131 0.150265 -0.0855897 -0.000344552 0.150998 -0.0891334
2 -0.00033994 0.15164 -0.0921885 -0.000344552 0.150998 -0.0891334
2 -0.000182869 0.125466 0.0172812 -0.000213639 0.128465 0.015888
2 -0.000130964 0.132081 0.0299492 -0.000100152 0.133738 0.032302
2 -0.000501881 0.140173 -0.031763 -0.000501341 0.139647 -0.0284362
2 3.81249e-05 0.161858 -0.143012 -3.31415e-05 0.161601 -0.14096
2 -0.000124625 0.256634 0.132727 -0.000130999 0.261279 0.133518
2 -0.000389353 0.147221 -0.0707008 -0.000377371 0.148102 -0.0750541
2 0.000333414 0.172237 0.105135 0.000351415 0.174614 0.107049
2 -6.97099e-05 0.145969 0.0710515 -7.67437e-05 0.145505 0.0691699
2 0.000304689 0.168445 0.102082 0.000280393 0.165261 0.0995107
2 -0.000456209 0.143511 -0.0508612 -0.000468011 0.142866 -0.0473354
2 0.000280393 0.165261 0.0995107 0.00026039 0.162681 0.0974189
2 0.000395274 0.186018 0.114813 0.00039565 0.186586 0.11514
2 -0.000157738 0.129886 0.027004 -0.000154194 0.126051 0.0242647
2 -0.000465285 0.137123 -0.0119712 -0.000475722 0.137613 -0.0151981
2 -0.000328443 0.152605 -0.0968612 -0.00033994 0.15164 -0.0921885
2 -0.000310918 0.156042 -0.111891 -0.00032 0.156605 -0.114536
2 0.000386986 0.179532 0.110953 0.000370978 0.1771 0.109075
2 0.00324711 0.103178 0.0218775 -0.00148037 0.10769 0.0213577
2 -0.000436327 0.144605 -0.0568429 -0.000456209 0.143511 -0.0508612
2 -0.000328704 0.157193 -0.117297 -0.000332923 0.157465 -0.118573
2 0.000390711 0.182507 0.112721 0.000386986 0.179532 0.110953
2 -0.000123651 0.117325 0.0208712 -0.000104286 0.113852 0.0210415
2 -0.00148037 0.10769 0.0213577 -0.000104286 0.113852 0.0210415
2 -0.000423383 0.135761 -0.00331666 -0.000275335 0.135132 -0.000683875
2 -0.000440555 0.136592 -0.0084404 -0.000423383 0.135761 -0.00331666
2 -0.000182869 0.125466 0.0172812 -0.000141057 0.120986 0.0211866
