2 0.213497 0.831953 0.0452967 0.278451 0.807469 0.132635
2 -0.709615 0.706667 0.531289 -0.699669 0.709846 0.505935
2 -0.217868 0.841056 -0.0797874 -0.203553 0.839212 -0.0899028
2 0.579539 0.674833 0.593758 0.598116 0.666807 0.64982
2 0.579539 0.674833 0.593758 0.564994 0.68089 0.559449
2 0.640582 0.68233 1.42758 0.634622 0.68185 1.40159
2 0.576034 0.672794 0.98507 0.575707 0.672504 0.97311
2 0.594018 0.677465 1.18727 0.588196 0.676572 1.14698
2 0.600466 0.678377 1.22908 0.607614 0.679245 1.27006
2 0.675597 0.684864 1.64483 0.673337 0.684867 1.68626
2 -0.866447 0.669301 1.15578 -0.865841 0.669578 1.1958
2 -0.826885 0.672521 0.835961 -0.833045 0.671755 0.864997
2 -0.844583 0.67106 1.27671 -0.857597 0.670344 1.24886
2 -0.552971 0.681934 1.41309 -0.519021 0.682866 1.40201
2 -0.695623 0.677147 1.39254 -0.622931 0.679668 1.40929
2 -0.0335905 0.684648 1.10245 -0.0246797 0.68465 1.12396
2 -0.256718 0.684379 1.02756 -0.234011 0.684421 1.01119
2 -0.274437 0.684318 1.04015 -0.301078 0.684232 1.06009
2 -0.0388187 0.684647 1.09117 -0.0438673 0.684646 1.08045
2 1.27272 0.677379 -0.316956 1.25281 0.677182 -0.333276
2 1.0345 0.683825 0.372808 1.06398 0.683673 0.395393
2 0.981666 0.674681 -0.4704 1.00251 0.674867 -0.463211
2 0.971221 0.684006 0.295692 1.00252 0.684008 0.341605
2 1.18969 0.684201 0.104352 1.17558 0.68406 0.0986765
2 1.38082 0.681886 0.4368 1.40241 0.681729 0.428816
2 1.34606 0.682135 0.448259 1.33243 0.682227 0.451233
2 1.28981 0.682487 0.45381 1.33243 0.682227 0.451233
2 1.17426 0.683113 0.436708 1.25456 0.682687 0.451287
2 1.03466 0.683094 0.126112 1.06378 0.683378 0.112995
2 1.17558 0.68406 0.0986765 1.13759 0.683903 0.0960414
2 1.26281 0.684598 0.192651 1.263 0.684659 0.222912
2 -1.09293 0.672591 -0.607968 -1.0932 0.672768 -0.624711
2 -0.636666 0.679542 -0.932272 -0.603009 0.680315 -0.949436
2 -0.876384 0.684329 -1.31959 -0.896225 0.684432 -1.30302
2 -0.487465 0.682409 -1.03543 -0.521656 0.681749 -1.00574
2 -0.04057 0.824484 -0.151223 -0.0318252 0.828505 -0.139541
2 -0.141231 0.828985 -0.136878 -0.164438 0.833648 -0.117986
2 0.28961 0.623659 -0.6198 0.264707 0.639066 -0.586275
2 0.320503 0.60697 -0.658754 0.306926 0.615333 -0.636981
2 -0.66847 0.503945 -1.00001 -0.730554 0.496856 -1.11261
2 -1.70306 0.503624 -1.09063 -1.70047 0.503663 -1.12537
2 -1.58665 0.503599 -1.35023 -1.55585 0.503579 -1.36456
2 -1.57613 0.503538 -0.874871 -1.61489 0.50331 -0.899526
2 -1.42697 0.504103 -0.865913 -1.47634 0.504041 -0.86168
2 -1.27753 0.503993 -0.943916 -1.28832 0.503638 -0.922861
2 -1.24949 0.503519 -1.02017 -1.25732 0.503987 -0.977691
2 0.421945 0.563187 -0.777736 0.40046 0.571697 -0.753359
2 0.517357 0.528231 -0.884551 0.501327 0.532158 -0.867356
2 1.03194 0.50174 -1.14201 1.00721 0.500146 -1.14834
2 1.03194 0.50174 -1.14201 1.07287 0.504302 -1.12965
2 1.64246 0.503694 -0.96756 1.66288 0.503771 -0.980844
2 0.234471 0.720513 -0.392598 0.245086 0.719184 -0.394074
2 -0.164438 0.833648 -0.117986 -0.188894 0.837219 -0.100361
2 0.0582174 0.851876 -0.0544876 0.0377984 0.849032 -0.0705217
2 0.0377984 0.849032 -0.0705217 0.0187289 0.843641 -0.0895598
2 -0.409895 0.815689 -0.000951354 -0.376328 0.824333 -0.0106138
2 -0.440288 0.806839 0.0125799 -0.42353 0.811861 0.00541177
2 -0.11543 0.724556 -0.454022 -0.10252 0.732981 -0.427699
2 -0.0891675 0.74097 -0.402157 -0.10252 0.732981 -0.427699
2 -0.148275 0.657562 -0.840023 -0.169501 0.655866 -0.871082
2 -0.183488 0.653434 -0.93485 -0.169501 0.655866 -0.871082
2 -0.13879 0.707974 -0.504872 -0.11543 0.724556 -0.454022
2 -1.09303 0.656447 -2.2152 -1.08538 0.656353 -2.22602
2 -0.232397 0.653087 -2.00586 -0.213927 0.653319 -1.95403
2 -0.44741 0.653505 -2.24582 -0.411877 0.653328 -2.22769
2 -0.496907 0.653752 -2.26744 -0.44741 0.653505 -2.24582
2 -0.938818 0.658019 -1.80763 -0.916519 0.658042 -1.8033
2 -1.01057 0.658109 -1.83715 -1.05455 0.658323 -1.86957
2 -1.11982 0.658877 -1.93579 -1.11218 0.658775 -1.92718
2 -0.791602 0.658382 -1.81407 -0.770794 0.658472 -1.82571
2 -0.864963 0.658154 -1.79869 -0.901882 0.658072 -1.80188
2 -0.786874 0.65919 -2.05862 -0.76095 0.659091 -2.05678
2 -0.86906 0.659482 -2.03564 -0.846519 0.65938 -2.04616
2 0.103118 0.651891 -1.27866 0.115314 0.651966 -1.34502
2 0.487511 0.654065 -1.98483 0.504226 0.654082 -1.99125
2 0.504226 0.654082 -1.99125 0.537583 0.65413 -1.99979
2 1.53884 0.655171 -1.79293 1.53724 0.655075 -1.81336
2 0.755287 0.654516 -2.01765 0.807093 0.654619 -2.02028
2 1.00747 0.654688 -1.91407 1.02121 0.654647 -1.89845
2 1.54021 0.655246 -1.76785 1.54257 0.655631 -1.74793
2 1.30642 0.653521 -1.59908 1.35429 0.653707 -1.61143
2 1.39432 0.656173 -1.9406 1.42511 0.656212 -1.9457
2 -0.403053 0.615676 -0.661812 -0.373369 0.625502 -0.647276
2 -0.13628 0.679905 -0.631187 -0.122527 0.675056 -0.669476
2 -0.0991237 0.667862 -0.731629 -0.111967 0.671381 -0.699745
2 -0.157895 0.688928 -0.570795 -0.209238 0.676974 -0.575255
2 0.177701 0.69771 -0.45861 0.156636 0.712724 -0.424558
2 0.275796 0.715903 -0.396733 0.245086 0.719184 -0.394074
2 -0.0512412 0.772953 -0.300482 -0.0454293 0.764554 -0.323892
2 0.10496 0.729679 -0.390056 0.136414 0.725378 -0.396224
2 0.421945 0.563187 -0.777736 0.439458 0.55626 -0.797667
2 -0.0596312 0.793811 -0.24028 -0.08202 0.817058 -0.17269
2 0.0434216 0.747826 -0.353579 0.00803272 0.752058 -0.348933
2 -0.242178 0.666631 -0.589839 -0.209238 0.676974 -0.575255
2 -0.13628 0.679905 -0.631187 -0.157895 0.688928 -0.570795
2 1.32306 0.656707 -1.86834 1.33917 0.656443 -1.89027
2 1.44572 0.656068 -1.94861 1.42511 0.656212 -1.9457
2 1.53152 0.654892 -1.86652 1.53439 0.654884 -1.84812
2 1.53554 0.654962 -1.83416 1.53724 0.655075 -1.81336
2 1.49235 0.656324 -1.93814 1.51152 0.655979 -1.91907
2 1.42584 0.654086 -1.65324 1.4447 0.654193 -1.66608
2 1.35429 0.653707 -1.61143 1.38375 0.65385 -1.62518
2 1.38375 0.65385 -1.62518 1.42584 0.654086 -1.65324
2 1.27033 0.653472 -1.6078 1.30642 0.653521 -1.59908
2 1.4844 0.654418 -1.69627 1.50755 0.654896 -1.71692
2 1.54257 0.655631 -1.74793 1.50755 0.654896 -1.71692
2 1.36075 0.656058 -1.92123 1.33917 0.656443 -1.89027
2 1.36075 0.656058 -1.92123 1.37504 0.656154 -1.93007
2 1.39432 0.656173 -1.9406 1.37504 0.656154 -1.93007
2 1.53554 0.654962 -1.83416 1.53439 0.654884 -1.84812
2 1.11904 0.654189 -1.775 1.15115 0.653989 -1.73386
2 1.25006 0.65346 -1.61889 1.22557 0.653556 -1.64462
2 1.10053 0.654304 -1.79893 1.07742 0.654451 -1.82897
2 1.02121 0.654647 -1.89845 1.03368 0.654614 -1.88386
2 0.968455 0.654745 -1.94976 0.955445 0.654759 -1.96023
2 0.64747 0.654317 -2.01592 0.623873 0.654276 -2.01341
2 0.537583 0.65413 -1.99979 0.58047 0.654201 -2.00687
2 0.64747 0.654317 -2.01592 0.675691 0.654369 -2.01635
2 0.838858 0.654655 -2.01052 0.807093 0.654619 -2.02028
2 0.623873 0.654276 -2.01341 0.600629 0.654236 -2.00991
2 1.53884 0.655171 -1.79293 1.5396 0.655235 -1.78105
2 1.54021 0.655246 -1.76785 1.5396 0.655235 -1.78105
2 0.838858 0.654655 -2.01052 0.867385 0.654697 -2.00325
2 0.891723 0.654733 -1.99453 0.867385 0.654697 -2.00325
2 0.931127 0.654791 -1.98128 0.955445 0.654759 -1.96023
2 1.27033 0.653472 -1.6078 1.25006 0.65346 -1.61889
2 1.22557 0.653556 -1.64462 1.19323 0.653735 -1.68206
2 0.147752 0.653657 -1.44267 0.115314 0.651966 -1.34502
2 0.103118 0.651891 -1.27866 0.0899616 0.652277 -1.20683
2 0.376853 0.654035 -1.91927 0.347506 0.654055 -1.8924
2 0.202097 0.653849 -1.60862 0.229014 0.653944 -1.68873
2 0.0549878 0.652935 -1.05113 0.0488764 0.653042 -1.0247
2 0.0432805 0.653184 -1.004 0.0334868 0.653484 -0.970798
2 0.177432 0.65376 -1.53443 0.202097 0.653849 -1.60862
2 -0.732719 0.659002 -2.04686 -0.76095 0.659091 -2.05678
2 -0.732719 0.659002 -2.04686 -0.70679 0.659053 -2.02339
2 -0.683714 0.65895 -1.90933 -0.682461 0.659017 -1.925
2 -0.682461 0.659017 -1.925 -0.679202 0.659089 -1.9504
2 -0.694139 0.658911 -1.89264 -0.700955 0.658814 -1.8703
2 -0.683714 0.65895 -1.90933 -0.694139 0.658911 -1.89264
2 -0.738849 0.658637 -1.84439 -0.700955 0.658814 -1.8703
2 -0.69415 0.659081 -1.9931 -0.679202 0.659089 -1.9504
2 -0.864963 0.658154 -1.79869 -0.805022 0.658315 -1.80155
2 -0.901882 0.658072 -1.80188 -0.916519 0.658042 -1.8033
2 -0.791602 0.658382 -1.81407 -0.805022 0.658315 -1.80155
2 -1.11232 0.656951 -2.15644 -1.10159 0.656575 -2.20103
2 -1.02544 0.655866 -2.28292 -1.04595 0.655959 -2.27134
2 -1.10159 0.656575 -2.20103 -1.09303 0.656447 -2.2152
2 -1.11861 0.6572 -2.12656 -1.11232 0.656951 -2.15644
2 -0.738849 0.658637 -1.84439 -0.749151 0.658572 -1.83817
2 -0.897758 0.659577 -2.01897 -0.89937 0.659582 -2.01791
2 -1.08343 0.658521 -1.89585 -1.05455 0.658323 -1.86957
2 -1.11218 0.658775 -1.92718 -1.08343 0.658521 -1.89585
2 -0.496907 0.653752 -2.26744 -0.544101 0.653978 -2.28268
2 -0.381744 0.653187 -2.20261 -0.411877 0.653328 -2.22769
2 -0.208832 0.653426 -1.93481 -0.198064 0.653703 -1.88873
2 -0.179518 0.654777 -1.74605 -0.174758 0.655223 -1.69198
2 -0.165032 0.656304 -1.54825 -0.161966 0.652257 -1.48231
2 -0.165032 0.656304 -1.54825 -0.168698 0.655914 -1.60929
2 -0.174758 0.655223 -1.69198 -0.168698 0.655914 -1.60929
2 -0.170602 0.651961 -1.43065 -0.175812 0.651645 -1.39681
2 -0.177536 0.651593 -1.38466 -0.179704 0.651528 -1.36784
2 -0.196965 0.650954 -1.18303 -0.198025 0.650909 -1.15526
2 -0.195467 0.651399 -1.03977 -0.191256 0.651899 -0.997893
2 -0.179704 0.651528 -1.36784 -0.184421 0.651386 -1.32732
2 -0.190314 0.651184 -1.26081 -0.184421 0.651386 -1.32732
2 -0.872215 0.65529 -2.32759 -0.918058 0.655435 -2.32511
2 -0.276928 0.652908 -2.08918 -0.309272 0.652902 -2.13603
2 -1.00159 0.655757 -2.29484 -0.976496 0.65564 -2.30776
2 -0.08202 0.817058 -0.17269 -0.04057 0.824484 -0.151223
2 -0.0519376 0.658039 -0.818178 -0.0290967 0.656656 -0.844132
2 -0.127516 0.659602 -0.806663 -0.148275 0.657562 -0.840023
2 -0.00485685 0.655261 -0.878537 -0.0290967 0.656656 -0.844132
2 -0.0454293 0.764554 -0.323892 -0.0447421 0.754482 -0.353236
2 0.0582174 0.851876 -0.0544876 0.0792725 0.854843 -0.0374142
2 -0.117955 0.673265 -0.683429 -0.111967 0.671381 -0.699745
2 0.19336 0.723384 -0.392343 0.136414 0.725378 -0.396224
2 1.31535 0.50372 -0.933303 1.27132 0.503846 -0.965632
2 1.31535 0.50372 -0.933303 1.33039 0.50469 -0.923872
2 1.70978 0.504023 -1.01094 1.66288 0.503771 -0.980844
2 1.70978 0.504023 -1.01094 1.73302 0.50409 -1.05017
2 1.59779 0.503595 -0.940016 1.61714 0.503638 -0.952075
2 1.77483 0.504 -1.13044 1.77131 0.504039 -1.1232
2 1.38405 0.504844 -0.896337 1.33039 0.50469 -0.923872
2 0.970816 0.497808 -1.15735 1.00721 0.500146 -1.14834
2 0.815273 0.494817 -1.12953 0.851346 0.494337 -1.14509
2 1.59779 0.503595 -0.940016 1.56355 0.503514 -0.923532
2 1.56355 0.503514 -0.923532 1.51092 0.50338 -0.904038
2 1.73302 0.50409 -1.05017 1.75568 0.504038 -1.091
2 0.608638 0.512414 -0.973916 0.639276 0.508197 -1.00213
2 0.4556 0.549968 -0.815847 0.501327 0.532158 -0.867356
2 0.538435 0.523861 -0.906221 0.55471 0.520883 -0.92241
2 0.320503 0.60697 -0.658754 0.351997 0.591724 -0.696277
2 0.688655 0.502423 -1.04526 0.717523 0.500172 -1.06669
2 -1.29583 0.503639 -1.16544 -1.30523 0.503533 -1.17523
2 -1.25403 0.503726 -1.07445 -1.24949 0.503519 -1.02017
2 -1.26586 0.503995 -0.960686 -1.27753 0.503993 -0.943916
2 -1.25732 0.503987 -0.977691 -1.26586 0.503995 -0.960686
2 -1.33154 0.502479 -0.897183 -1.34359 0.50264 -0.893179
2 -1.28832 0.503638 -0.922861 -1.31202 0.502528 -0.905882
2 -1.47634 0.504041 -0.86168 -1.50213 0.503611 -0.864497
2 -1.5224 0.503307 -0.866334 -1.57613 0.503538 -0.874871
2 -1.42697 0.504103 -0.865913 -1.37464 0.503129 -0.88341
2 -1.63627 0.503428 -0.91105 -1.61489 0.50331 -0.899526
2 -1.63627 0.503428 -0.91105 -1.67488 0.503048 -0.981441
2 -1.6883 0.50324 -1.01232 -1.67488 0.503048 -0.981441
2 -1.69558 0.503404 -1.03645 -1.70204 0.503574 -1.07234
2 -1.36024 0.502905 -0.887871 -1.34359 0.50264 -0.893179
2 -1.70047 0.503663 -1.12537 -1.69559 0.503672 -1.15837
2 -1.62953 0.503662 -1.32995 -1.66871 0.503705 -1.31246
2 -1.68062 0.503708 -1.24976 -1.69208 0.503674 -1.1804
2 -1.60805 0.50361 -1.34018 -1.62953 0.503662 -1.32995
2 -1.29157 0.503611 -1.46942 -1.26469 0.503552 -1.47523
2 -1.10249 0.502267 -1.44844 -1.12195 0.502484 -1.45525
2 -0.975178 0.50053 -1.38717 -0.95257 0.500177 -1.37466
2 -1.068 0.501855 -1.43492 -1.04526 0.501547 -1.42419
2 -0.783607 0.496007 -1.19913 -0.730554 0.496856 -1.11261
2 -1.24186 0.503441 -1.4758 -1.2128 0.503264 -1.47409
2 0.0792725 0.854843 -0.0374142 0.118184 0.851338 -0.0146938
2 -0.0512412 0.772953 -0.300482 -0.0559373 0.784725 -0.266682
2 0.0434216 0.747826 -0.353579 0.064919 0.740866 -0.368031
2 0.264707 0.639066 -0.586275 0.237817 0.659353 -0.541515
2 -0.0447421 0.754482 -0.353236 -0.0740182 0.747499 -0.379925
2 -0.51125 0.783311 -0.0324179 -0.490286 0.790574 -0.0104774
2 -0.676365 0.683597 -1.37865 -0.705809 0.683815 -1.38373
2 -0.876384 0.684329 -1.31959 -0.855792 0.68424 -1.33589
2 -0.89678 0.684434 -1.30255 -0.907158 0.684488 -1.29374
2 -0.521656 0.681749 -1.00574 -0.568103 0.681009 -0.970744
2 -0.487465 0.682409 -1.03543 -0.469761 0.683036 -1.09558
2 -0.588911 0.682545 -1.33459 -0.573594 0.68339 -1.32211
2 -0.616287 0.683064 -1.35618 -0.604942 0.682999 -1.3456
2 -0.636666 0.679542 -0.932272 -0.663371 0.678907 -0.919332
2 -0.760183 0.678689 -0.873202 -0.779106 0.678362 -0.871282
2 -0.876021 0.6773 -0.799378 -0.779106 0.678362 -0.871282
2 -1.0932 0.672768 -0.624711 -0.980861 0.675156 -0.718792
2 -0.967251 0.675441 -0.729811 -0.980861 0.675156 -0.718792
2 -1.09264 0.672442 -0.593682 -1.09293 0.672591 -0.607968
2 1.22471 0.684357 0.124148 1.23594 0.684399 0.134917
2 1.22471 0.684357 0.124148 1.21155 0.684284 0.114486
2 1.03466 0.683094 0.126112 0.99724 0.682916 0.163186
2 1.06378 0.683378 0.112995 1.0697 0.683448 0.111693
2 0.987609 0.682889 0.174592 0.980459 0.683006 0.191705
2 0.980459 0.683006 0.191705 0.974888 0.683049 0.209294
2 1.17426 0.683113 0.436708 1.14053 0.683286 0.428029
2 1.14053 0.683286 0.428029 1.11357 0.683424 0.419878
2 1.28981 0.682487 0.45381 1.25456 0.682687 0.451287
2 1.096 0.683512 0.412334 1.06398 0.683673 0.395393
2 1.34606 0.682135 0.448259 1.38082 0.681886 0.4368
2 1.40433 0.67912 -0.0316898 1.37217 0.678572 -0.137355
2 1.34027 0.678149 -0.209414 1.34998 0.678272 -0.189198
2 1.41852 0.681524 0.402268 1.42982 0.681381 0.383969
2 0.892169 0.673907 -0.498739 0.923089 0.67416 -0.490424
2 1.09535 0.675692 -0.433083 1.00251 0.674867 -0.463211
2 0.800175 0.673451 -0.501468 0.776569 0.673475 -0.499069
2 0.634241 0.677943 -0.459886 0.604979 0.679671 -0.452722
2 -0.00632614 0.684654 1.1733 -0.00314002 0.684653 1.21453
2 -0.00632614 0.684654 1.1733 -0.0169086 0.684651 1.14421
2 -0.160308 0.684528 1.01054 -0.102184 0.684555 1.02102
2 -0.0438673 0.684646 1.08045 -0.0552134 0.684645 1.05985
2 -0.318927 0.684198 1.07692 -0.330205 0.684189 1.09172
2 -0.256718 0.684379 1.02756 -0.274437 0.684318 1.04015
2 -0.0335905 0.684648 1.10245 -0.0388187 0.684647 1.09117
2 -0.399861 0.684289 1.228 -0.371538 0.684234 1.16797
2 -0.399861 0.684289 1.228 -0.416631 0.684323 1.26657
2 -0.435716 0.684328 1.3115 -0.42925 0.684335 1.29662
2 -0.435716 0.684328 1.3115 -0.44805 0.684268 1.33692
2 -0.467965 0.684056 1.36918 -0.460472 0.684158 1.35877
2 -0.499771 0.68339 1.39547 -0.482891 0.683826 1.38787
2 -0.330205 0.684189 1.09172 -0.340816 0.684198 1.11051
2 -0.371538 0.684234 1.16797 -0.340816 0.684198 1.11051
2 -0.622931 0.679668 1.40929 -0.600189 0.680438 1.41312
2 -0.552971 0.681934 1.41309 -0.600189 0.680438 1.41312
2 -0.770297 0.674374 1.35974 -0.746736 0.675263 1.37128
2 -0.695623 0.677147 1.39254 -0.746736 0.675263 1.37128
2 -0.826626 0.671952 1.30539 -0.80631 0.672885 1.33043
2 -0.826626 0.671952 1.30539 -0.844583 0.67106 1.27671
2 -0.499771 0.68339 1.39547 -0.519021 0.682866 1.40201
2 -0.838366 0.671151 0.892584 -0.845835 0.670373 0.933859
2 -0.856761 0.669449 1.00729 -0.852043 0.66982 0.972735
2 0.671292 0.684643 1.55945 0.675827 0.684859 1.62629
2 0.628859 0.68135 1.37538 0.621622 0.680673 1.34086
2 0.671292 0.684643 1.55945 0.649242 0.683036 1.4656
2 0.675597 0.684864 1.64483 0.675827 0.684859 1.62629
2 0.588196 0.676572 1.14698 0.585238 0.676053 1.12393
2 0.628859 0.68135 1.37538 0.634622 0.68185 1.40159
2 0.576034 0.672794 0.98507 0.577451 0.674654 1.06238
2 0.431603 0.737711 0.32764 0.373259 0.763139 0.250404
2 0.54155 0.690707 0.508674 0.517733 0.700745 0.461606
2 0.575707 0.672504 0.97311 0.579033 0.671268 0.916473
2 -1.08983 0.671736 -0.52441 -1.09124 0.672053 -0.555771
2 -1.00823 0.67278 -0.370977 -1.03404 0.672114 -0.401453
2 -0.96417 0.676048 -0.333865 -0.937654 0.677637 -0.310292
2 -0.51125 0.783311 -0.0324179 -0.568961 0.763521 -0.076501
2 -1.08843 0.671521 -0.50244 -1.08092 0.671242 -0.465018
2 -0.762103 0.690563 0.66274 -0.772498 0.687503 0.689077
2 -0.779239 0.685538 0.706182 -0.801454 0.679109 0.762619
2 -0.762103 0.690563 0.66274 -0.751144 0.693819 0.634999
2 -0.683767 0.715258 0.469622 -0.639227 0.73462 0.379088
2 -0.858814 0.669433 1.04021 -0.86044 0.669366 1.05903
2 -0.605845 0.749512 0.310374 -0.639227 0.73462 0.379088
2 -0.605845 0.749512 0.310374 -0.594835 0.75467 0.280699
2 -0.485467 0.794669 0.0765464 -0.47719 0.795765 0.0267244
2 -0.524478 0.783157 0.158524 -0.504706 0.789151 0.118893
2 0.213497 0.831953 0.0452967 0.187681 0.841501 0.0245191
2 0.148586 0.847301 0.002205 0.187681 0.841501 0.0245191
2 0.148586 0.847301 0.002205 0.118184 0.851338 -0.0146938
2 -0.247251 0.844206 -0.0602224 -0.217868 0.841056 -0.0797874
2 -0.783607 0.496007 -1.19913 -0.8415 0.497479 -1.27924
2 -0.849375 0.497807 -1.29028 -0.8415 0.497479 -1.27924
2 -0.849375 0.497807 -1.29028 -0.903059 0.499449 -1.34642
2 0.673337 0.684867 1.68626 0.667406 0.684853 1.73997
2 0.658441 0.68483 1.80127 0.65662 0.684824 1.81258
2 0.65662 0.684824 1.81258 0.653472 0.684815 1.83008
2 -0.0279511 0.684733 1.38346 -0.0360959 0.684755 1.41109
2 -0.00364692 0.684668 1.24729 -0.00695722 0.684682 1.28524
2 1.23604 0.684766 0.295756 1.24405 0.684743 0.27959
2 1.26281 0.684598 0.192651 1.25048 0.684485 0.15588
2 1.2545 0.68471 0.254551 1.24405 0.684743 0.27959
2 -0.676365 0.683597 -1.37865 -0.640674 0.682971 -1.36718
2 -0.804745 0.684044 -1.3668 -0.81041 0.684094 -1.36413
2 -0.81041 0.684094 -1.36413 -0.833241 0.68417 -1.35158
2 0.934962 0.49623 -1.15863 0.851346 0.494337 -1.14509
2 1.08821 0.503896 -1.12302 1.07287 0.504302 -1.12965
2 0.970816 0.497808 -1.15735 0.934962 0.49623 -1.15863
2 -0.179518 0.654777 -1.74605 -0.188445 0.654124 -1.82891
2 -0.786874 0.65919 -2.05862 -0.813327 0.659189 -2.05543
2 0.931127 0.654791 -1.98128 0.913414 0.65477 -1.98799
2 1.07742 0.654451 -1.82897 1.05488 0.654539 -1.85768
2 0.193959 0.687169 -0.482264 0.185601 0.692571 -0.470163
2 0.204192 0.680618 -0.496296 0.237817 0.659353 -0.541515
2 0.688655 0.502423 -1.04526 0.639276 0.508197 -1.00213
2 0.717523 0.500172 -1.06669 0.732774 0.499062 -1.07771
2 -0.720397 0.683796 -1.38508 -0.705809 0.683815 -1.38373
2 -0.470938 0.682845 -1.13857 -0.506344 0.682947 -1.24369
2 -0.588911 0.682545 -1.33459 -0.604942 0.682999 -1.3456
2 1.22955 0.684782 0.307877 1.23604 0.684766 0.295756
2 1.21155 0.684284 0.114486 1.18969 0.684201 0.104352
2 0.658441 0.68483 1.80127 0.667406 0.684853 1.73997
2 0.55471 0.520883 -0.92241 0.57161 0.518014 -0.938902
2 -0.86906 0.659482 -2.03564 -0.893279 0.659559 -2.02163
2 1.12935 0.504451 -1.09174 1.18431 0.503927 -1.04542
2 -0.0125387 0.684697 1.32017 -0.0197854 0.684715 1.35318
2 -0.0360959 0.684755 1.41109 -0.0380132 0.684763 1.41741
2 1.25048 0.684485 0.15588 1.23594 0.684399 0.134917
2 -0.640674 0.682971 -1.36718 -0.616287 0.683064 -1.35618
2 -0.469761 0.683036 -1.09558 -0.470938 0.682845 -1.13857
2 -0.539841 0.68312 -1.28666 -0.506344 0.682947 -1.24369
2 -0.89678 0.684434 -1.30255 -0.896225 0.684432 -1.30302
2 -0.720397 0.683796 -1.38508 -0.763305 0.683937 -1.38054
2 -0.804745 0.684044 -1.3668 -0.763305 0.683937 -1.38054
2 1.49235 0.656324 -1.93814 1.47156 0.655967 -1.95131
2 1.45235 0.656024 -1.94957 1.45869 0.656005 -1.95026
2 -0.258289 1.2764 -0.200403 -0.257987 1.27397 -0.202798
2 -0.260809 1.16599 -0.229438 -0.258904 1.17487 -0.23459
2 0.112925 1.27699 -0.204169 0.112802 1.27464 -0.209304
2 -0.257987 1.27397 -0.202798 -0.257684 1.27152 -0.205204
2 -0.258594 1.17636 -0.235461 -0.258904 1.17487 -0.23459
2 0.116308 1.18411 -0.25014 0.11192 1.18374 -0.246231
2 -0.260239 1.26462 -0.237154 -0.25787 1.26084 -0.254631
2 -0.257339 1.25936 -0.273375 -0.25787 1.26084 -0.254631
2 -0.260239 1.26462 -0.237154 -0.260848 1.26323 -0.211763
2 -0.257339 1.25936 -0.273375 -0.257002 1.25813 -0.318083
2 0.112383 1.26284 -0.243288 0.109537 1.25751 -0.286368
2 0.114098 1.26339 -0.212165 0.112383 1.26284 -0.243288
2 0.109026 1.2571 -0.313144 0.109537 1.25751 -0.286368
2 -0.25805 1.26006 -0.338512 -0.257002 1.25813 -0.318083
2 -0.258954 1.2591 -0.366649 -0.25805 1.26006 -0.338512
2 0.109026 1.2571 -0.313144 0.111349 1.26014 -0.340525
2 0.111349 1.26014 -0.340525 0.112021 1.25828 -0.364787
2 0.582551 0.670064 0.860226 0.579033 0.671268 0.916473
2 0.495958 0.71 0.423154 0.517733 0.700745 0.461606
2 0.585097 0.669216 0.82067 0.586944 0.668584 0.791031
2 0.586944 0.668584 0.791031 0.589 0.667848 0.756499
2 0.591741 0.667435 0.722421 0.589 0.667848 0.756499
2 -0.838366 0.671151 0.892584 -0.833045 0.671755 0.864997
2 -0.796013 0.673341 1.3415 -0.770297 0.674374 1.35974
2 1.27272 0.677379 -0.316956 1.29303 0.677597 -0.291079
2 1.29303 0.677597 -0.291079 1.3101 0.67779 -0.264201
2 1.34998 0.678272 -0.189198 1.37217 0.678572 -0.137355
2 0.99724 0.682916 0.163186 0.987609 0.682889 0.174592
2 -0.760183 0.678689 -0.873202 -0.712954 0.677823 -0.896116
2 -0.539841 0.68312 -1.28666 -0.573594 0.68339 -1.32211
2 -0.855792 0.68424 -1.33589 -0.833241 0.68417 -1.35158
2 -1.12195 0.502484 -1.45525 -1.1636 0.502884 -1.46615
2 -1.38351 0.503682 -1.43932 -1.34725 0.503668 -1.45222
2 -1.38351 0.503682 -1.43932 -1.41623 0.503671 -1.42584
2 -1.60805 0.50361 -1.34018 -1.58665 0.503599 -1.35023
2 -1.68062 0.503708 -1.24976 -1.66871 0.503705 -1.31246
2 -1.69558 0.503404 -1.03645 -1.6883 0.50324 -1.01232
2 -1.36024 0.502905 -0.887871 -1.37464 0.503129 -0.88341
2 -1.50213 0.503611 -0.864497 -1.5224 0.503307 -0.866334
2 -1.27002 0.503746 -1.12457 -1.25403 0.503726 -1.07445
2 0.772459 0.496407 -1.10534 0.732774 0.499062 -1.07771
2 1.38405 0.504844 -0.896337 1.43737 0.503472 -0.87866
2 -0.00485685 0.655261 -0.878537 0.0134352 0.654357 -0.919199
2 -0.196965 0.650954 -1.18303 -0.190314 0.651184 -1.26081
2 -0.837071 0.655181 -2.33032 -0.872215 0.65529 -2.32759
2 -0.610504 0.654291 -2.30246 -0.66347 0.654532 -2.31569
2 0.0726219 0.652611 -1.12793 0.0856559 0.652406 -1.18684
2 0.147752 0.653657 -1.44267 0.177432 0.65376 -1.53443
2 0.441346 0.654033 -1.96357 0.403233 0.654035 -1.93681
2 1.05488 0.654539 -1.85768 1.03368 0.654614 -1.88386
2 0.538435 0.523861 -0.906221 0.517357 0.528231 -0.884551
2 1.17072 0.653862 -1.70953 1.19323 0.653735 -1.68206
2 1.17072 0.653862 -1.70953 1.15115 0.653989 -1.73386
2 0.730493 0.65447 -2.01718 0.755287 0.654516 -2.01765
2 0.347506 0.654055 -1.8924 0.326949 0.654067 -1.87165
2 0.487511 0.654065 -1.98483 0.453789 0.654041 -1.96935
2 0.992631 0.654717 -1.92956 0.968455 0.654745 -1.94976
2 0.441346 0.654033 -1.96357 0.453789 0.654041 -1.96935
2 0.0549878 0.652935 -1.05113 0.0726219 0.652611 -1.12793
2 0.0432805 0.653184 -1.004 0.0488764 0.653042 -1.0247
2 0.26833 0.654054 -1.7898 0.256282 0.654026 -1.76213
2 0.326949 0.654067 -1.87165 0.306857 0.654077 -1.85077
2 0.286838 0.654073 -1.82337 0.26833 0.654054 -1.7898
2 0.229014 0.653944 -1.68873 0.248987 0.654007 -1.74405
2 0.0334868 0.653484 -0.970798 0.0134352 0.654357 -0.919199
2 -1.07205 0.656205 -2.24251 -1.04595 0.655959 -2.27134
2 -0.938818 0.658019 -1.80763 -0.982302 0.65803 -1.82153
2 -1.11982 0.658877 -1.93579 -1.13884 0.658234 -1.96892
2 -0.695468 0.654672 -2.32261 -0.770309 0.654967 -2.33322
2 -0.610504 0.654291 -2.30246 -0.544101 0.653978 -2.28268
2 -0.213927 0.653319 -1.95403 -0.208832 0.653426 -1.93481
2 -0.806544 0.655085 -2.33222 -0.827023 0.655149 -2.33095
2 -0.170602 0.651961 -1.43065 -0.161966 0.652257 -1.48231
2 -0.263866 0.65293 -2.06818 -0.276928 0.652908 -2.08918
2 -0.263866 0.65293 -2.06818 -0.248781 0.652986 -2.0405
2 -0.232397 0.653087 -2.00586 -0.248781 0.652986 -2.0405
2 -0.177536 0.651593 -1.38466 -0.175812 0.651645 -1.39681
2 -0.199607 0.650839 -1.09722 -0.198025 0.650909 -1.15526
2 -0.198064 0.653703 -1.88873 -0.193302 0.653878 -1.86265
2 -0.949738 0.655535 -2.31785 -0.976496 0.65564 -2.30776
2 -0.949738 0.655535 -2.31785 -0.918058 0.655435 -2.32511
2 -0.332239 0.652966 -2.16136 -0.309272 0.652902 -2.13603
2 -0.381744 0.653187 -2.20261 -0.359203 0.653079 -2.18386
2 1.47847 0.503327 -0.893266 1.51092 0.50338 -0.904038
2 1.62322 0.503652 -0.955732 1.64246 0.503694 -0.96756
2 1.75568 0.504038 -1.091 1.77131 0.504039 -1.1232
2 0.584061 0.516054 -0.950805 0.608638 0.512414 -0.973916
2 -1.28341 0.503458 -1.1475 -1.29583 0.503639 -1.16544
2 -1.27002 0.503746 -1.12457 -1.28341 0.503458 -1.1475
2 -1.69208 0.503674 -1.1804 -1.69559 0.503672 -1.15837
2 -1.51286 0.503614 -1.38392 -1.55585 0.503579 -1.36456
2 -1.3245 0.503658 -1.4602 -1.29157 0.503611 -1.46942
2 -1.70306 0.503624 -1.09063 -1.70204 0.503574 -1.07234
2 -1.10249 0.502267 -1.44844 -1.068 0.501855 -1.43492
2 -1.0057 0.500973 -1.40356 -0.975178 0.50053 -1.38717
2 -1.0057 0.500973 -1.40356 -1.04526 0.501547 -1.42419
2 -0.903059 0.499449 -1.34642 -0.95257 0.500177 -1.37466
2 -0.613823 0.51835 -0.895563 -0.576765 0.534695 -0.83662
2 -0.576765 0.534695 -0.83662 -0.532265 0.558887 -0.765962
2 -0.66847 0.503945 -1.00001 -0.613823 0.51835 -0.895563
2 1.13759 0.683903 0.0960414 1.0697 0.683448 0.111693
2 1.0345 0.683825 0.372808 1.02441 0.683875 0.36387
2 1.00252 0.684008 0.341605 1.02441 0.683875 0.36387
2 1.45217 0.680049 0.150325 1.46046 0.680394 0.218133
2 1.44536 0.679836 0.108188 1.45217 0.680049 0.150325
2 1.46046 0.680394 0.218133 1.46188 0.680459 0.231023
2 1.44536 0.679836 0.108188 1.4303 0.679571 0.0563712
2 1.41807 0.67936 0.0152681 1.40433 0.67912 -0.0316898
2 1.34027 0.678149 -0.209414 1.31984 0.677902 -0.247993
2 1.24607 0.677116 -0.339069 1.2179 0.676837 -0.363371
2 1.46265 0.680657 0.269259 1.45631 0.680931 0.316181
2 0.892169 0.673907 -0.498739 0.852776 0.673671 -0.501284
2 0.981666 0.674681 -0.4704 0.958636 0.674476 -0.478314
2 0.852776 0.673671 -0.501284 0.819228 0.67351 -0.501842
2 0.800175 0.673451 -0.501468 0.819228 0.67351 -0.501842
2 0.634241 0.677943 -0.459886 0.669848 0.676208 -0.46898
2 0.702298 0.675382 -0.478002 0.776569 0.673475 -0.499069
2 -0.0246797 0.68465 1.12396 -0.0169086 0.684651 1.14421
2 -0.0197854 0.684715 1.35318 -0.0279511 0.684733 1.38346
2 -0.00695722 0.684682 1.28524 -0.0125387 0.684697 1.32017
2 -0.00314002 0.684653 1.21453 -0.00364692 0.684668 1.24729
2 -0.0586821 0.684638 1.05404 -0.0552134 0.684645 1.05985
2 -0.102184 0.684555 1.02102 -0.0586821 0.684638 1.05404
2 -0.318927 0.684198 1.07692 -0.301078 0.684232 1.06009
2 -0.422579 0.684332 1.2808 -0.416631 0.684323 1.26657
2 -0.80631 0.672885 1.33043 -0.796013 0.673341 1.3415
2 -0.864645 0.669774 1.21487 -0.857597 0.670344 1.24886
2 -0.864645 0.669774 1.21487 -0.865841 0.669578 1.1958
2 -0.856761 0.669449 1.00729 -0.858814 0.669433 1.04021
2 -0.845835 0.670373 0.933859 -0.852043 0.66982 0.972735
2 -0.826885 0.672521 0.835961 -0.822553 0.673089 0.816542
2 -0.864265 0.669285 1.11693 -0.866447 0.669301 1.15578
2 0.585238 0.676053 1.12393 0.581055 0.675322 1.09165
2 0.581055 0.675322 1.09165 0.577451 0.674654 1.06238
2 0.594018 0.677465 1.18727 0.597877 0.678023 1.21274
2 0.621622 0.680673 1.34086 0.612527 0.679756 1.29527
2 0.596173 0.666719 0.678372 0.594929 0.66696 0.686919
2 0.596173 0.666719 0.678372 0.598116 0.666807 0.64982
2 0.594929 0.66696 0.686919 0.591741 0.667435 0.722421
2 0.585097 0.669216 0.82067 0.582551 0.670064 0.860226
2 -1.04679 0.671825 -0.41693 -1.03404 0.672114 -0.401453
2 -1.06128 0.671564 -0.435672 -1.08092 0.671242 -0.465018
2 -1.04679 0.671825 -0.41693 -1.06128 0.671564 -0.435672
2 -0.721 0.715912 -0.167029 -0.682549 0.725605 -0.146678
2 -0.858899 0.687115 -0.251704 -0.873466 0.685182 -0.261942
2 -0.858899 0.687115 -0.251704 -0.811872 0.69349 -0.214553
2 -0.937654 0.677637 -0.310292 -0.905897 0.680991 -0.285258
2 -1.09264 0.672442 -0.593682 -1.09124 0.672053 -0.555771
2 -0.709615 0.706667 0.531289 -0.723863 0.702223 0.566156
2 -0.801454 0.679109 0.762619 -0.822553 0.673089 0.816542
2 0.772459 0.496407 -1.10534 0.815273 0.494817 -1.12953
2 0.29881 0.65408 -1.8411 0.306857 0.654077 -1.85077
2 1.00747 0.654688 -1.91407 0.992631 0.654717 -1.92956
2 0.584061 0.516054 -0.950805 0.57161 0.518014 -0.938902
2 1.2545 0.68471 0.254551 1.263 0.684659 0.222912
2 1.18431 0.503927 -1.04542 1.22762 0.504454 -1.00482
2 1.27132 0.503846 -0.965632 1.22762 0.504454 -1.00482
2 -0.69415 0.659081 -1.9931 -0.70679 0.659053 -2.02339
2 1.46798 0.654328 -1.68298 1.4447 0.654193 -1.66608
2 1.4844 0.654418 -1.69627 1.46798 0.654328 -1.68298
2 1.45869 0.656005 -1.95026 1.47156 0.655967 -1.95131
2 1.45235 0.656024 -1.94957 1.44572 0.656068 -1.94861
2 -1.33154 0.502479 -0.897183 -1.31202 0.502528 -0.905882
2 1.62322 0.503652 -0.955732 1.61714 0.503638 -0.952075
2 -0.188445 0.654124 -1.82891 -0.193302 0.653878 -1.86265
2 0.0899616 0.652277 -1.20683 0.0856559 0.652406 -1.18684
2 1.11904 0.654189 -1.775 1.10053 0.654304 -1.79893
2 1.53152 0.654892 -1.86652 1.51152 0.655979 -1.91907
2 0.40046 0.571697 -0.753359 0.379621 0.580194 -0.729196
2 0.376853 0.654035 -1.91927 0.403233 0.654035 -1.93681
2 0.286838 0.654073 -1.82337 0.29881 0.65408 -1.8411
2 -0.846519 0.65938 -2.04616 -0.813327 0.659189 -2.05543
2 -1.1246 0.657565 -2.08445 -1.11861 0.6572 -2.12656
2 -1.45373 0.503658 -1.41028 -1.41623 0.503671 -1.42584
2 -1.3245 0.503658 -1.4602 -1.34725 0.503668 -1.45222
2 1.11357 0.683424 0.419878 1.096 0.683512 0.412334
2 -0.160308 0.684528 1.01054 -0.234011 0.684421 1.01119
2 -0.422579 0.684332 1.2808 -0.42925 0.684335 1.29662
2 -0.460472 0.684158 1.35877 -0.44805 0.684268 1.33692
2 -0.467965 0.684056 1.36918 -0.482891 0.683826 1.38787
2 -0.347876 0.653029 -2.17403 -0.359203 0.653079 -2.18386
2 -1.45373 0.503658 -1.41028 -1.47982 0.50364 -1.39881
2 -0.479172 0.585204 -0.712973 -0.508693 0.570497 -0.742356
2 -0.683767 0.715258 0.469622 -0.699669 0.709846 0.505935
2 -0.905897 0.680991 -0.285258 -0.873466 0.685182 -0.261942
2 -0.811872 0.69349 -0.214553 -0.760936 0.705626 -0.189598
2 -0.96417 0.676048 -0.333865 -0.983347 0.674588 -0.350777
2 0.600466 0.678377 1.22908 0.597877 0.678023 1.21274
2 0.702298 0.675382 -0.478002 0.669848 0.676208 -0.46898
2 0.923089 0.67416 -0.490424 0.944014 0.674346 -0.483303
2 1.46265 0.680657 0.269259 1.46188 0.680459 0.231023
2 -0.33211 0.63908 -0.626437 -0.373369 0.625502 -0.647276
2 -1.1246 0.657565 -2.08445 -1.12962 0.657843 -2.04949
2 0.583147 0.680979 -0.447383 0.604979 0.679671 -0.452722
2 0.515959 0.688701 -0.430337 0.484466 0.692393 -0.422414
2 0.675691 0.654369 -2.01635 0.706608 0.654426 -2.01673
2 0.730493 0.65447 -2.01718 0.706608 0.654426 -2.01673
2 -1.07205 0.656205 -2.24251 -1.08538 0.656353 -2.22602
2 -1.01057 0.658109 -1.83715 -0.982302 0.65803 -1.82153
2 -0.837071 0.655181 -2.33032 -0.827023 0.655149 -2.33095
2 -0.695468 0.654672 -2.32261 -0.66347 0.654532 -2.31569
2 -0.188585 0.652625 -0.963515 -0.191256 0.651899 -0.997893
2 -0.183488 0.653434 -0.93485 -0.188585 0.652625 -0.963515
2 1.43737 0.503472 -0.87866 1.47847 0.503327 -0.893266
2 0.351997 0.591724 -0.696277 0.379621 0.580194 -0.729196
2 -0.532265 0.558887 -0.765962 -0.508693 0.570497 -0.742356
2 -0.712954 0.677823 -0.896116 -0.663371 0.678907 -0.919332
2 -1.08843 0.671521 -0.50244 -1.08983 0.671736 -0.52441
2 0.96682 0.683083 0.23517 0.974888 0.683049 0.209294
2 1.42982 0.681381 0.383969 1.44044 0.681252 0.368143
2 0.640582 0.68233 1.42758 0.649242 0.683036 1.4656
2 0.464081 0.723739 0.37481 0.495958 0.71 0.423154
2 -0.779239 0.685538 0.706182 -0.772498 0.687503 0.689077
2 1.08821 0.503896 -1.12302 1.12189 0.504561 -1.0977
2 0.891723 0.654733 -1.99453 0.913414 0.65477 -1.98799
2 0.515959 0.688701 -0.430337 0.544459 0.685412 -0.437559
2 -0.967251 0.675441 -0.729811 -0.876021 0.6773 -0.799378
2 -0.734171 0.699039 0.592008 -0.74102 0.696931 0.609352
2 -0.806544 0.655085 -2.33222 -0.770309 0.654967 -2.33322
2 0.248987 0.654007 -1.74405 0.256282 0.654026 -1.76213
2 1.24607 0.677116 -0.339069 1.25281 0.677182 -0.333276
2 -0.983347 0.674588 -0.350777 -1.00823 0.67278 -0.370977
2 1.4303 0.679571 0.0563712 1.41807 0.67936 0.0152681
2 1.40241 0.681729 0.428816 1.41852 0.681524 0.402268
2 -0.479172 0.585204 -0.712973 -0.432082 0.605422 -0.677819
2 1.12935 0.504451 -1.09174 1.12189 0.504561 -1.0977
2 -1.13884 0.658234 -1.96892 -1.12962 0.657843 -2.04949
2 -0.770794 0.658472 -1.82571 -0.749151 0.658572 -1.83817
2 -0.347876 0.653029 -2.17403 -0.332239 0.652966 -2.16136
2 -0.195467 0.651399 -1.03977 -0.199607 0.650839 -1.09722
2 -0.419307 0.610222 -0.669951 -0.432082 0.605422 -0.677819
2 -1.26469 0.503552 -1.47523 -1.24186 0.503441 -1.4758
2 0.971221 0.684006 0.295692 0.962587 0.683357 0.256256
2 1.19069 0.676557 -0.391913 1.09535 0.675692 -0.433083
2 0.612527 0.679756 1.29527 0.607614 0.679245 1.27006
2 -0.568961 0.763521 -0.076501 -0.682549 0.725605 -0.146678
2 0.962587 0.683357 0.256256 0.96682 0.683083 0.23517
2 0.429616 0.697995 -0.410649 0.484466 0.692393 -0.422414
2 -0.74102 0.696931 0.609352 -0.751144 0.693819 0.634999
2 0.944014 0.674346 -0.483303 0.958636 0.674476 -0.478314
2 -0.551972 0.772778 0.209406 -0.569149 0.765931 0.239652
2 1.31984 0.677902 -0.247993 1.3101 0.67779 -0.264201
2 -0.603009 0.680315 -0.949436 -0.568103 0.681009 -0.970744
2 -0.100856 0.662051 -0.783634 -0.0660542 0.658863 -0.810041
2 0.306926 0.615333 -0.636981 0.28961 0.623659 -0.6198
2 -1.47982 0.50364 -1.39881 -1.49384 0.503629 -1.39249
2 -1.1636 0.502884 -1.46615 -1.2128 0.503264 -1.47409
2 0.177701 0.69771 -0.45861 0.185601 0.692571 -0.470163
2 1.19069 0.676557 -0.391913 1.2179 0.676837 -0.363371
2 0.431603 0.737711 0.32764 0.464081 0.723739 0.37481
2 0.278451 0.807469 0.132635 0.373259 0.763139 0.250404
2 -0.734171 0.699039 0.592008 -0.723863 0.702223 0.566156
2 -0.864265 0.669285 1.11693 -0.86044 0.669366 1.05903
2 -0.594835 0.75467 0.280699 -0.569149 0.765931 0.239652
2 -0.403053 0.615676 -0.661812 -0.419307 0.610222 -0.669951
2 0.564994 0.68089 0.559449 0.54155 0.690707 0.508674
2 -1.02544 0.655866 -2.28292 -1.00159 0.655757 -2.29484
2 0.583147 0.680979 -0.447383 0.544459 0.685412 -0.437559
2 0.58047 0.654201 -2.00687 0.600629 0.654236 -2.00991
2 0.439458 0.55626 -0.797667 0.4556 0.549968 -0.815847
2 0.113002 1.27846 -0.200959 0.112925 1.27699 -0.204169
2 -1.51286 0.503614 -1.38392 -1.49384 0.503629 -1.39249
2 1.44044 0.681252 0.368143 1.45631 0.680931 0.316181
2 -0.721 0.715912 -0.167029 -0.760936 0.705626 -0.189598
2 -0.117955 0.673265 -0.683429 -0.122527 0.675056 -0.669476
2 -0.100856 0.662051 -0.783634 -0.127516 0.659602 -0.806663
2 -0.551972 0.772778 0.209406 -0.542868 0.776344 0.193013
2 0.216531 0.722804 -0.389979 0.234471 0.720513 -0.392598
2 0.296807 0.713661 -0.39822 0.33602 0.708606 -0.402966
2 0.33602 0.708606 -0.402966 0.429616 0.697995 -0.410649
2 -0.485467 0.794669 0.0765464 -0.494921 0.792068 0.0976492
2 -0.260939 0.844831 -0.0526613 -0.28426 0.842988 -0.0413906
2 0.275796 0.715903 -0.396733 0.296807 0.713661 -0.39822
2 -0.264173 0.660172 -0.597616 -0.295543 0.651392 -0.606829
2 -0.0519376 0.658039 -0.818178 -0.0660542 0.658863 -0.810041
2 -0.0991237 0.667862 -0.731629 -0.0958405 0.664901 -0.75789
2 -0.494921 0.792068 0.0976492 -0.504706 0.789151 0.118893
2 0.204192 0.680618 -0.496296 0.193959 0.687169 -0.482264
2 -0.542868 0.776344 0.193013 -0.524478 0.783157 0.158524
2 -0.33211 0.63908 -0.626437 -0.295543 0.651392 -0.606829
2 -0.409895 0.815689 -0.000951354 -0.42353 0.811861 0.00541177
2 0.064919 0.740866 -0.368031 0.0816494 0.735963 -0.377826
2 0.216531 0.722804 -0.389979 0.19336 0.723384 -0.392343
2 -0.322331 0.836452 -0.0273648 -0.376328 0.824333 -0.0106138
2 -0.264173 0.660172 -0.597616 -0.253006 0.663413 -0.593832
2 -0.188894 0.837219 -0.100361 -0.203553 0.839212 -0.0899028
2 -0.100856 0.662051 -0.783634 -0.0958405 0.664901 -0.75789
2 -0.157895 0.688928 -0.570795 -0.13879 0.707974 -0.504872
2 -0.897758 0.659577 -2.01897 -0.893279 0.659559 -2.02163
2 0.0816494 0.735963 -0.377826 0.10496 0.729679 -0.390056
2 -0.260939 0.844831 -0.0526613 -0.247251 0.844206 -0.0602224
2 -0.322331 0.836452 -0.0273648 -0.28426 0.842988 -0.0413906
2 -0.253006 0.663413 -0.593832 -0.242178 0.666631 -0.589839
2 -0.440288 0.806839 0.0125799 -0.47719 0.795765 0.0267244
2 -0.141231 0.828985 -0.136878 -0.123966 0.826201 -0.145918
2 0.156636 0.712724 -0.424558 0.136414 0.725378 -0.396224
2 -0.08202 0.817058 -0.17269 -0.104012 0.823222 -0.154733
2 -0.123966 0.826201 -0.145918 -0.104012 0.823222 -0.154733
2 -0.00929975 0.754322 -0.346109 -0.0447421 0.754482 -0.353236
2 -0.0130025 0.834051 -0.12221 0.0187289 0.843641 -0.0895598
2 -0.0891675 0.74097 -0.402157 -0.0740182 0.747499 -0.379925
2 0.177701 0.69771 -0.45861 0.182392 0.694618 -0.465573
2 -0.00929975 0.754322 -0.346109 0.00803272 0.752058 -0.348933
2 -0.0130025 0.834051 -0.12221 -0.0318252 0.828505 -0.139541
2 -0.0596312 0.793811 -0.24028 -0.0559373 0.784725 -0.266682
2 1.32306 0.656707 -1.86834 1.32203 0.656721 -1.86674
2 -0.490286 0.790574 -0.0104774 -0.47719 0.795765 0.0267244
