2 0.129451 -0.012037 0.0548294 0.138187 -0.00822638 0.0712856
2 -0.0867814 -0.23444 -0.0112137 -0.0811714 -0.229183 -0.00990025
2 0.1747 0.436173 0.141282 0.171136 0.424286 0.151159
2 0.146121 -0.0232015 0.104312 0.14514 -0.0214879 0.100553
2 0.20577 0.205958 0.0682715 0.206778 0.195313 0.0722765
2 -0.112711 -0.394251 -0.0256699 -0.111927 -0.376922 -0.022703
2 -0.115348 -0.440654 -0.0353194 -0.114932 -0.434804 -0.0338154
2 -0.112711 -0.394251 -0.0256699 -0.113683 -0.41571 -0.0293528
2 -0.0991086 -0.246998 -0.0138126 -0.121709 -0.246332 -0.0198672
2 0.20577 0.205958 0.0682715 0.204849 0.214465 0.0657797
2 0.140584 -0.00889492 0.0774523 0.138187 -0.00822638 0.0712856
2 -0.109588 -0.323058 -0.016383 -0.108689 -0.306816 -0.0152286
2 0.0786824 -0.264452 -0.0310345 0.0723672 -0.25163 -0.0284837
2 0.206778 0.195313 0.0722765 0.207799 0.182345 0.0782416
2 -0.128864 -0.245643 -0.021819 -0.121709 -0.246332 -0.0198672
2 0.203355 0.228143 0.129571 0.20485 0.216267 0.124048
2 0.111704 -0.366949 -0.0466693 0.109228 -0.358359 -0.0451579
2 0.075129 -0.127796 0.00394872 0.0742968 -0.139532 -0.00234848
2 0.152688 -0.0584347 0.191598 0.160277 -0.0459963 0.166873
2 0.118947 0.0506447 -0.0231842 0.116708 0.0530131 -0.0285596
2 0.118947 0.0506447 -0.0231842 0.120255 0.04922 -0.0199943
2 0.139442 0.0187207 0.0476765 0.15108 0.0381196 0.0541301
2 0.210383 0.172321 0.0896178 0.215447 0.174622 0.102491
2 0.226279 0.173466 0.119133 0.230927 0.171616 0.1245
2 0.0962073 -0.0674295 0.0301947 0.0856071 -0.0884655 0.0225073
2 0.201616 0.234455 0.0641752 0.204849 0.214465 0.0657797
2 0.192134 0.105384 0.0774896 0.197537 0.114872 0.0802412
2 0.17598 0.439646 0.137955 0.1747 0.436173 0.141282
2 0.230927 0.171616 0.1245 0.239144 0.173795 0.134732
2 0.203595 0.134549 0.084319 0.200521 0.123977 0.0822244
2 0.19559 0.257597 0.0719569 0.193249 0.264768 0.0769974
2 0.203737 -0.22602 -0.151269 0.200594 -0.224521 -0.147952
2 0.18915 0.100149 0.0759478 0.192134 0.105384 0.0774896
2 0.187764 0.281312 0.0921644 0.186539 0.284978 0.0969983
2 0.280867 -0.271227 -0.229381 0.273466 -0.265201 -0.222671
2 0.289986 -0.278909 -0.237617 0.292928 -0.281422 -0.240264
2 0.0642368 -0.190261 -0.0250895 0.0851715 -0.191218 -0.0377169
2 0.220818 0.254442 0.170156 0.212413 0.260072 0.161866
2 0.195167 -0.222052 -0.142221 0.200594 -0.224521 -0.147952
2 0.213633 -0.230898 -0.161699 0.207485 -0.227834 -0.155221
2 0.182523 0.326997 0.15413 0.180472 0.336671 0.156678
2 0.0655471 -0.208081 -0.0261225 0.0642368 -0.190261 -0.0250895
2 0.214754 0.182957 0.11035 0.209929 0.194458 0.114975
2 0.265768 -0.259196 -0.215659 0.273466 -0.265201 -0.222671
2 0.18908 0.295625 0.140257 0.192145 0.288326 0.142873
2 0.289986 -0.278909 -0.237617 0.28564 -0.275189 -0.233702
2 0.303308 -0.290309 -0.249594 0.30085 -0.288195 -0.247395
2 0.164457 -0.209943 -0.110279 0.169357 -0.21169 -0.115323
2 0.144082 -0.0143049 0.0909332 0.14514 -0.0214879 0.100553
2 0.121451 0.0478364 -0.016998 0.120255 0.04922 -0.0199943
2 0.251035 -0.249985 -0.201073 0.259304 -0.254273 -0.209757
2 0.185769 0.293232 0.122656 0.183878 0.293405 0.111259
2 0.18908 0.295625 0.140257 0.185769 0.293232 0.122656
2 0.205008 0.261657 0.150365 0.207801 0.261736 0.155106
2 0.200805 0.262139 0.143526 0.205008 0.261657 0.150365
2 -0.00606827 -0.201206 -0.0098402 0.00566299 -0.197699 -0.0110382
2 0.185817 0.456858 0.114048 0.184062 0.45412 0.11827
2 0.174485 -0.213515 -0.120599 0.169357 -0.21169 -0.115323
2 -0.290576 -0.367449 -0.190152 -0.297779 -0.382727 -0.202272
2 0.185227 0.289029 0.103458 0.186539 0.284978 0.0969983
2 0.17598 0.439646 0.137955 0.178743 0.444939 0.131174
2 0.15713 -0.0386416 0.147004 0.154513 -0.0353456 0.137001
2 0.139442 0.0187207 0.0476765 0.133851 0.0223425 0.0325173
2 0.217619 0.177286 0.108985 0.215447 0.174622 0.102491
2 -0.195903 -0.235738 -0.0371035 -0.190555 -0.244053 -0.0494415
2 -0.266649 -0.23938 -0.0423658 -0.2691 -0.241156 -0.0444355
2 -0.273491 -0.24456 -0.0484925 -0.276698 -0.247968 -0.0528941
2 -0.297779 -0.382727 -0.202272 -0.300786 -0.388437 -0.206325
2 -0.220185 -0.265536 -0.0891638 -0.211206 -0.258875 -0.0817067
2 0.201873 0.238933 0.134082 0.201412 0.249419 0.138115
2 0.185817 0.456858 0.114048 0.187372 0.459241 0.11031
2 0.203595 0.134549 0.084319 0.204495 0.138429 0.0853456
2 0.187764 0.281312 0.0921644 0.188971 0.277722 0.0878337
2 0.153461 -0.0340081 0.132966 0.154513 -0.0353456 0.137001
2 -0.238994 -0.279174 -0.10367 -0.233637 -0.275338 -0.0996194
2 -0.26869 -0.282982 -0.105202 -0.263785 -0.283836 -0.106749
2 -0.239105 -0.228976 -0.0326351 -0.253516 -0.23243 -0.0351127
2 -0.255453 -0.289363 -0.114203 -0.246575 -0.281658 -0.10588
2 -0.2583 -0.307921 -0.136119 -0.25598 -0.303795 -0.131406
2 -0.28623 -0.277621 -0.0961165 -0.277925 -0.28053 -0.101049
2 -0.277925 -0.28053 -0.101049 -0.283937 -0.285369 -0.108639
2 0.226279 0.173466 0.119133 0.222767 0.17464 0.114623
2 0.217619 0.177286 0.108985 0.222767 0.17464 0.114623
2 0.144082 -0.0143049 0.0909332 0.141966 -0.0102954 0.0820327
2 0.140584 -0.00889492 0.0774523 0.141966 -0.0102954 0.0820327
2 0.252001 0.186649 0.156487 0.254154 0.193251 0.163705
2 0.255081 0.196512 0.16715 0.256151 0.200549 0.171346
2 0.209929 0.194458 0.114975 0.208555 0.198235 0.116214
2 0.248946 0.179937 0.148388 0.252001 0.186649 0.156487
2 0.244594 0.232802 0.186096 0.248511 0.22644 0.184969
2 0.144841 -0.071032 0.21698 0.146059 -0.0700179 0.214482
2 0.160277 -0.0459963 0.166873 0.160554 -0.04344 0.161262
2 0.0729892 -0.152012 -0.00876638 0.0742968 -0.139532 -0.00234848
2 0.240535 0.23818 0.186132 0.244594 0.232802 0.186096
2 0.16945 0.0671397 0.0658513 0.163173 0.0562424 0.0627431
2 0.103995 0.0620397 -0.0508789 0.107867 0.0607125 -0.0471208
2 0.199611 0.242375 0.0664772 0.201616 0.234455 0.0641752
2 0.172601 0.382668 0.159835 0.173917 0.373581 0.159787
2 0.30085 -0.288195 -0.247395 0.295885 -0.283947 -0.242926
2 0.181422 0.449891 0.124626 0.178743 0.444939 0.131174
2 0.137704 -0.200554 -0.0829659 0.131276 -0.19796 -0.0766406
2 -0.28713 -0.262336 -0.0723906 -0.283391 -0.255448 -0.0626596
2 -0.279843 -0.251395 -0.0573448 -0.277492 -0.248833 -0.0540178
2 0.220818 0.254442 0.170156 0.231214 0.246007 0.178753
2 0.213633 -0.230898 -0.161699 0.220226 -0.234187 -0.168646
2 0.194669 0.28089 0.142979 0.192145 0.288326 0.142873
2 -0.253516 -0.23243 -0.0351127 -0.26175 -0.236628 -0.0394382
2 0.121451 0.0478364 -0.016998 0.122783 0.0439812 -0.0108511
2 0.0659404 -0.218144 -0.0268774 0.0649165 -0.223107 -0.0264051
2 -0.0247262 -0.207165 -0.00810482 -0.029425 -0.208639 -0.00798383
2 0.123494 0.0418247 -0.0074565 0.124299 0.037225 -0.0015677
2 -0.282452 -0.351133 -0.177171 -0.279676 -0.345522 -0.172761
2 0.11881 -0.391848 -0.0511323 0.12018 -0.396666 -0.052002
2 0.197458 0.251294 0.0686356 0.19559 0.257597 0.0719569
2 0.114213 -0.37571 -0.0482299 0.113268 -0.37241 -0.0476417
2 0.280867 -0.271227 -0.229381 0.28564 -0.275189 -0.233702
2 -0.254424 -0.30082 -0.128005 -0.25598 -0.303795 -0.131406
2 -0.300786 -0.388437 -0.206325 -0.301094 -0.389166 -0.206869
2 0.116708 0.0530131 -0.0285596 0.115413 0.0543421 -0.0316231
2 -0.226514 -0.27001 -0.0939376 -0.224096 -0.268304 -0.0921192
2 -0.229838 -0.272363 -0.096442 -0.226514 -0.27001 -0.0939376
2 -0.277925 -0.28053 -0.101049 -0.26869 -0.282982 -0.105202
2 0.292928 -0.281422 -0.240264 0.295885 -0.283947 -0.242926
2 0.114213 -0.37571 -0.0482299 0.116023 -0.382046 -0.049363
2 -0.28623 -0.277621 -0.0961165 -0.288946 -0.273943 -0.0900394
2 -0.114079 -0.422894 -0.0309171 -0.114611 -0.430373 -0.0327195
2 0.189571 -0.219522 -0.13631 0.183298 -0.216698 -0.129686
2 -0.276557 -0.339731 -0.167574 -0.279676 -0.345522 -0.172761
2 -0.109588 -0.323058 -0.016383 -0.11012 -0.342741 -0.0180074
2 0.220226 -0.234187 -0.168646 0.227275 -0.237798 -0.176066
2 0.105999 -0.347341 -0.0432807 0.109228 -0.358359 -0.0451579
2 0.0988066 -0.323066 -0.0392716 0.102809 -0.336493 -0.0414506
2 0.0988066 -0.323066 -0.0392716 0.0973656 -0.318206 -0.0385082
2 0.199611 0.242375 0.0664772 0.197458 0.251294 0.0686356
2 0.251666 0.219336 0.182312 0.248511 0.22644 0.184969
2 -0.273491 -0.24456 -0.0484925 -0.2691 -0.241156 -0.0444355
2 0.255081 0.196512 0.16715 0.254154 0.193251 0.163705
2 0.176731 0.355945 0.159092 0.178622 0.345849 0.157999
2 -0.114079 -0.422894 -0.0309171 -0.113683 -0.41571 -0.0293528
2 -0.2583 -0.307921 -0.136119 -0.262421 -0.315643 -0.143749
2 0.190708 0.272539 0.0829124 0.193249 0.264768 0.0769974
2 -0.115348 -0.440654 -0.0353194 -0.115928 -0.44839 -0.037316
2 0.187372 0.459241 0.11031 0.188554 0.460867 0.107525
2 0.207799 0.182345 0.0782416 0.208741 0.179513 0.0822382
2 -0.266649 -0.23938 -0.0423658 -0.26175 -0.236628 -0.0394382
2 0.265768 -0.259196 -0.215659 0.259304 -0.254273 -0.209757
2 0.183878 0.293405 0.111259 0.185227 0.289029 0.103458
2 0.183298 -0.216698 -0.129686 0.174485 -0.213515 -0.120599
2 0.181422 0.449891 0.124626 0.184062 0.45412 0.11827
2 -0.288946 -0.273943 -0.0900394 -0.289228 -0.269776 -0.0834693
2 -0.11012 -0.342741 -0.0180074 -0.111002 -0.358453 -0.0197595
2 -0.114611 -0.430373 -0.0327195 -0.114932 -0.434804 -0.0338154
2 0.085505 -0.280901 -0.0337667 0.0832296 -0.274271 -0.0328725
2 0.184799 0.316452 0.151031 0.187635 0.304738 0.146864
2 0.10519 -0.190852 -0.0534089 0.112414 -0.192908 -0.0598723
2 0.208555 0.198235 0.116214 0.206419 0.204877 0.118474
2 0.172012 0.387787 0.159517 0.172601 0.382668 0.159835
2 0.189571 -0.219522 -0.13631 0.195167 -0.222052 -0.142221
2 0.227275 -0.237798 -0.176066 0.234679 -0.241592 -0.18386
2 0.11881 -0.391848 -0.0511323 0.116023 -0.382046 -0.049363
2 0.129446 0.0342291 0.0121329 0.126536 0.0357963 0.00450473
2 0.126534 -0.419323 -0.0561672 0.122692 -0.405507 -0.0535973
2 0.061963 -0.231642 -0.025252 0.0723672 -0.25163 -0.0284837
2 -0.285701 -0.35764 -0.182359 -0.290576 -0.367449 -0.190152
2 0.0786824 -0.264452 -0.0310345 0.0832296 -0.274271 -0.0328725
2 -0.276698 -0.247968 -0.0528941 -0.277492 -0.248833 -0.0540178
2 -0.228709 -0.226719 -0.0310903 -0.239105 -0.228976 -0.0326351
2 -0.228709 -0.226719 -0.0310903 -0.218853 -0.226519 -0.030428
2 -0.28713 -0.262336 -0.0723906 -0.289228 -0.269776 -0.0834693
2 -0.206221 -0.254752 -0.0737712 -0.211206 -0.258875 -0.0817067
2 -0.254424 -0.30082 -0.128005 -0.255453 -0.289363 -0.114203
2 0.190708 0.272539 0.0829124 0.188971 0.277722 0.0878337
2 0.202517 0.234535 0.132396 0.201873 0.238933 0.134082
2 0.239144 0.173795 0.134732 0.248946 0.179937 0.148388
2 0.152688 -0.0584347 0.191598 0.146059 -0.0700179 0.214482
2 0.240535 0.23818 0.186132 0.231214 0.246007 0.178753
2 0.111686 0.0580802 -0.0403373 0.113606 0.0561734 -0.0358733
2 0.18908 0.295625 0.140257 0.187635 0.304738 0.146864
2 0.126534 -0.419323 -0.0561672 0.127626 -0.424624 -0.0574449
2 0.254818 0.207969 0.176096 0.251666 0.219336 0.182312
2 0.111704 -0.366949 -0.0466693 0.113268 -0.37241 -0.0476417
2 0.143685 -0.202572 -0.0889157 0.154159 -0.206284 -0.0996758
2 0.256151 0.200549 0.171346 0.254818 0.207969 0.176096
2 0.102809 -0.336493 -0.0414506 0.105999 -0.347341 -0.0432807
2 0.183846 0.321001 0.152411 0.18343 0.322884 0.152956
2 0.183846 0.321001 0.152411 0.184799 0.316452 0.151031
2 -0.283391 -0.255448 -0.0626596 -0.279843 -0.251395 -0.0573448
2 0.122692 -0.405507 -0.0535973 0.12018 -0.396666 -0.052002
2 0.24461 -0.246682 -0.194314 0.238471 -0.243536 -0.187852
2 -0.111604 -0.370365 -0.0216109 -0.111927 -0.376922 -0.022703
2 0.202517 0.234535 0.132396 0.203355 0.228143 0.129571
2 0.203737 -0.22602 -0.151269 0.207485 -0.227834 -0.155221
2 0.175614 0.362314 0.159584 0.174693 0.368378 0.159707
2 0.175614 0.362314 0.159584 0.176731 0.355945 0.159092
2 0.0920752 -0.301776 -0.0363896 0.0973656 -0.318206 -0.0385082
2 0.0928532 -0.191412 -0.0437406 0.0851715 -0.191218 -0.0377169
2 0.137704 -0.200554 -0.0829659 0.143685 -0.202572 -0.0889157
2 0.206419 0.204877 0.118474 0.20485 0.216267 0.124048
2 0.085505 -0.280901 -0.0337667 0.0886661 -0.291056 -0.0350273
2 0.178622 0.345849 0.157999 0.180472 0.336671 0.156678
2 0.251035 -0.249985 -0.201073 0.24461 -0.246682 -0.194314
2 0.172012 0.387787 0.159517 0.171022 0.398513 0.158371
2 0.171022 0.398513 0.158371 0.171136 0.424286 0.151159
2 0.194669 0.28089 0.142979 0.196639 0.275665 0.143569
2 0.201412 0.249419 0.138115 0.200805 0.262139 0.143526
2 0.0928532 -0.191412 -0.0437406 0.101367 -0.190493 -0.0500702
2 0.160554 -0.04344 0.161262 0.158308 -0.0401567 0.151577
2 0.147662 -0.0266562 0.111026 0.146121 -0.0232015 0.104312
2 0.164457 -0.209943 -0.110279 0.158878 -0.207956 -0.104532
2 -0.276557 -0.339731 -0.167574 -0.270769 -0.329803 -0.15775
2 -0.262421 -0.315643 -0.143749 -0.266818 -0.323025 -0.151046
2 -0.195154 -0.248563 -0.0596101 -0.191664 -0.246211 -0.0537201
2 -0.111604 -0.370365 -0.0216109 -0.111002 -0.358453 -0.0197595
2 0.173917 0.373581 0.159787 0.174693 0.368378 0.159707
2 0.200805 0.262139 0.143526 0.196639 0.275665 0.143569
2 0.061963 -0.231642 -0.025252 0.0649165 -0.223107 -0.0264051
2 -0.206221 -0.254752 -0.0737712 -0.202296 -0.251951 -0.0682514
2 0.173098 0.0737978 0.0673262 0.16945 0.0671397 0.0658513
2 0.150665 -0.0306289 0.122547 0.147662 -0.0266562 0.111026
2 -0.285701 -0.35764 -0.182359 -0.282452 -0.351133 -0.177171
2 0.234679 -0.241592 -0.18386 0.238471 -0.243536 -0.187852
2 -0.143059 -0.24314 -0.0257632 -0.151835 -0.241696 -0.0281998
2 -0.220185 -0.265536 -0.0891638 -0.224096 -0.268304 -0.0921192
2 -0.270769 -0.329803 -0.15775 -0.266818 -0.323025 -0.151046
2 0.158308 -0.0401567 0.151577 0.15713 -0.0386416 0.147004
2 0.18915 0.100149 0.0759478 0.186601 0.0957057 0.0746204
2 0.150665 -0.0306289 0.122547 0.153461 -0.0340081 0.132966
2 0.0987882 -0.0624889 0.0319217 0.103165 -0.0539082 0.0346402
2 -0.107819 -0.288131 -0.014311 -0.107629 -0.280599 -0.0142719
2 -0.137195 -0.244069 -0.0241387 -0.128864 -0.245643 -0.021819
2 0.212413 0.260072 0.161866 0.207801 0.261736 0.155106
2 -0.207072 -0.229754 -0.0312098 -0.218853 -0.226519 -0.030428
2 -0.263785 -0.283836 -0.106749 -0.255453 -0.289363 -0.114203
2 -0.195154 -0.248563 -0.0596101 -0.202296 -0.251951 -0.0682514
2 -0.238994 -0.279174 -0.10367 -0.246575 -0.281658 -0.10588
2 -0.233637 -0.275338 -0.0996194 -0.229838 -0.272363 -0.096442
2 0.18343 0.322884 0.152956 0.182523 0.326997 0.15413
2 0.115413 0.0543421 -0.0316231 0.113606 0.0561734 -0.0358733
2 -0.207072 -0.229754 -0.0312098 -0.203069 -0.231443 -0.0325194
2 0.107867 0.0607125 -0.0471208 0.111686 0.0580802 -0.0403373
2 0.200521 0.123977 0.0822244 0.197537 0.114872 0.0802412
2 -0.00606827 -0.201206 -0.0098402 -0.0106583 -0.202606 -0.00938224
2 0.113516 -0.0363292 0.0415782 0.103165 -0.0539082 0.0346402
2 0.0920752 -0.301776 -0.0363896 0.0886661 -0.291056 -0.0350273
2 -0.107629 -0.280599 -0.0142719 -0.106541 -0.26915 -0.0145917
2 0.0279692 -0.192587 -0.0140946 0.0147624 -0.195143 -0.0120279
2 0.173098 0.0737978 0.0673262 0.178091 0.0819011 0.0700234
2 0.210383 0.172321 0.0896178 0.208741 0.179513 0.0822382
2 0.0729892 -0.152012 -0.00876638 0.0704071 -0.161176 -0.0126333
2 -0.0638521 -0.222328 -0.00909512 -0.0768016 -0.227385 -0.00944739
2 -0.107819 -0.288131 -0.014311 -0.108141 -0.295554 -0.0146078
2 -0.155829 -0.241053 -0.029306 -0.161384 -0.240229 -0.0308863
2 0.154159 -0.206284 -0.0996758 0.158878 -0.207956 -0.104532
2 0.206012 0.145808 0.086833 0.207424 0.152823 0.0881973
2 0.0642368 -0.190261 -0.0250895 0.042733 -0.191152 -0.0175009
2 0.204495 0.138429 0.0853456 0.206012 0.145808 0.086833
2 0.123494 0.0418247 -0.0074565 0.122783 0.0439812 -0.0108511
2 0.186601 0.0957057 0.0746204 0.178091 0.0819011 0.0700234
2 -0.0425478 -0.214013 -0.00846789 -0.029425 -0.208639 -0.00798383
2 0.210383 0.172321 0.0896178 0.207424 0.152823 0.0881973
2 -0.108141 -0.295554 -0.0146078 -0.108689 -0.306816 -0.0152286
2 0.0856071 -0.0884655 0.0225073 0.0793637 -0.10181 0.0173068
2 0.0771254 -0.11618 0.00986925 0.0793637 -0.10181 0.0173068
2 -0.0162195 -0.204349 -0.00885134 -0.0106583 -0.202606 -0.00938224
2 0.13291 0.0336636 0.019967 0.129446 0.0342291 0.0121329
2 -0.0247262 -0.207165 -0.00810482 -0.0162195 -0.204349 -0.00885134
2 0.133851 0.0223425 0.0325173 0.13291 0.0336636 0.019967
2 0.121223 -0.195248 -0.0676889 0.131276 -0.19796 -0.0766406
2 -0.191664 -0.246211 -0.0537201 -0.190555 -0.244053 -0.0494415
2 0.10519 -0.190852 -0.0534089 0.101367 -0.190493 -0.0500702
2 0.112414 -0.192908 -0.0598723 0.121223 -0.195248 -0.0676889
2 -0.195903 -0.235738 -0.0371035 -0.171277 -0.239744 -0.0341002
2 0.0962073 -0.0674295 0.0301947 0.0987882 -0.0624889 0.0319217
2 -0.143059 -0.24314 -0.0257632 -0.137195 -0.244069 -0.0241387
2 -0.203069 -0.231443 -0.0325194 -0.198444 -0.233995 -0.0350934
2 -0.171277 -0.239744 -0.0341002 -0.161384 -0.240229 -0.0308863
2 -0.049008 -0.216534 -0.00865811 -0.0524739 -0.217887 -0.00876024
2 0.155276 0.0446046 0.0569574 0.163173 0.0562424 0.0627431
2 0.0655471 -0.208081 -0.0261225 0.0659404 -0.218144 -0.0268774
2 -0.0768016 -0.227385 -0.00944739 -0.0811714 -0.229183 -0.00990025
2 -0.049008 -0.216534 -0.00865811 -0.0425478 -0.214013 -0.00846789
2 0.155276 0.0446046 0.0569574 0.15108 0.0381196 0.0541301
2 -0.0867814 -0.23444 -0.0112137 -0.0991086 -0.246998 -0.0138126
2 0.075129 -0.127796 0.00394872 0.0771254 -0.11618 0.00986925
2 0.00566299 -0.197699 -0.0110382 0.0147624 -0.195143 -0.0120279
2 0.214754 0.182957 0.11035 0.217619 0.177286 0.108985
2 0.129451 -0.012037 0.0548294 0.113516 -0.0363292 0.0415782
2 -0.0638521 -0.222328 -0.00909512 -0.0568366 -0.21959 -0.00888867
2 0.124299 0.037225 -0.0015677 0.126536 0.0357963 0.00450473
2 -0.0524739 -0.217887 -0.00876024 -0.0568366 -0.21959 -0.00888867
2 -0.155829 -0.241053 -0.029306 -0.151835 -0.241696 -0.0281998
2 0.139442 0.0187207 0.0476765 0.129451 -0.012037 0.0548294
2 -0.195903 -0.235738 -0.0371035 -0.198444 -0.233995 -0.0350934
2 -0.0991086 -0.246998 -0.0138126 -0.106541 -0.26915 -0.0145917
2 0.0381638 -0.191647 -0.0163521 0.042733 -0.191152 -0.0175009
2 0.0279692 -0.192587 -0.0140946 0.0381638 -0.191647 -0.0163521
2 0.0704071 -0.161176 -0.0126333 0.0686378 -0.167765 -0.015139
2 0.0686378 -0.167765 -0.015139 0.0682325 -0.171653 -0.0168683
2 0.0642368 -0.190261 -0.0250895 0.0682325 -0.171653 -0.0168683
