2 -0.0239484 0.326806 -0.604712 -0.0246592 0.33053 -0.61282
2 -0.0295309 -0.728425 -0.621158 -0.0287065 -0.730167 -0.615324
2 -0.0212772 0.312923 -0.575181 -0.0207991 0.3101 -0.56938
2 -0.0199018 0.304664 -0.558371 -0.0201561 0.306265 -0.561562
2 0.289561 -0.567825 -0.589082 0.289682 -0.564028 -0.597579
2 0.26496 0.118882 -0.577396 0.265341 0.121547 -0.587283
2 0.288786 -0.579825 -0.559291 0.28908 -0.575444 -0.570664
2 0.263657 0.111458 -0.543099 0.26328 0.110291 -0.53405
2 -0.0199018 0.304664 -0.558371 -0.0190973 0.300127 -0.549152
2 0.262194 0.110192 -0.51642 0.261501 0.111112 -0.508331
2 0.262194 0.110192 -0.51642 0.262728 0.109747 -0.523519
2 0.288732 -0.590574 -0.525143 0.28881 -0.591589 -0.518889
2 0.259888 0.114144 -0.492299 0.25861 0.116934 -0.481567
2 -0.0176923 0.280834 -0.49398 -0.0176567 0.282575 -0.501434
2 -0.0178937 0.276664 -0.473922 -0.0178251 0.277758 -0.479653
2 0.289396 -0.590705 -0.47523 0.289252 -0.589314 -0.467302
2 -0.0188671 -0.746926 -0.463611 -0.0190401 -0.748482 -0.47308
2 -0.0180626 0.274223 -0.46014 -0.0181672 0.272401 -0.448327
2 0.288307 -0.583092 -0.440554 0.288841 -0.586495 -0.454575
2 0.253724 0.128071 -0.443966 0.252986 0.129668 -0.438665
2 0.251945 0.131906 -0.431298 0.252986 0.129668 -0.438665
2 -0.018896 -0.740889 -0.435687 -0.0188355 -0.742774 -0.443784
2 -0.0181499 0.26834 -0.416971 -0.018231 0.269332 -0.424975
2 0.287563 -0.578615 -0.424435 0.288032 -0.581426 -0.434471
2 -0.0189835 -0.738731 -0.426652 -0.0191009 -0.736673 -0.418477
2 -0.0191009 -0.736673 -0.418477 -0.0191989 -0.734888 -0.411461
2 -0.0194589 -0.729762 -0.392251 -0.0195497 -0.727198 -0.38312
2 0.243572 0.148042 -0.377583 0.245299 0.144917 -0.388033
2 -0.0194589 -0.729762 -0.392251 -0.0193888 -0.731266 -0.397711
2 0.284843 -0.56354 -0.374396 0.284477 -0.561407 -0.367373
2 -0.0195425 -0.719706 -0.357712 -0.0193502 -0.716419 -0.347395
2 -0.0143583 0.262925 -0.35213 -0.013321 0.262324 -0.341322
2 -0.0184021 -0.708437 -0.323745 -0.0185589 -0.710762 -0.329959
2 0.2823 -0.549238 -0.325383 0.282653 -0.551304 -0.331804
2 -0.013321 0.262324 -0.341322 -0.0125257 0.26171 -0.332571
2 0.2823 -0.549238 -0.325383 0.282012 -0.547059 -0.31933
2 0.283179 -0.554187 -0.341501 0.282653 -0.551304 -0.331804
2 -0.0125257 0.26171 -0.332571 -0.0114446 0.259563 -0.319047
2 0.280962 -0.542264 -0.304053 0.279831 -0.538996 -0.290694
2 0.233681 0.172245 -0.303446 0.232611 0.174144 -0.296727
2 0.280962 -0.542264 -0.304053 0.281563 -0.544475 -0.311501
2 -0.0106175 0.253935 -0.288393 -0.0103981 0.253357 -0.284112
2 0.277296 -0.524265 -0.257579 0.27804 -0.528633 -0.267767
2 -0.0108073 -0.682406 -0.255081 -0.010473 -0.676763 -0.246627
2 0.276713 -0.5117 -0.230211 0.276964 -0.508713 -0.224169
2 0.228435 0.188474 -0.249968 0.227994 0.18964 -0.244324
2 -0.0132549 0.251193 -0.240246 -0.0125014 0.25103 -0.248633
2 0.277296 -0.524265 -0.257579 0.276849 -0.520686 -0.249449
2 -0.0132549 0.251193 -0.240246 -0.0137134 0.251288 -0.234627
2 -0.0144622 0.251372 -0.223706 -0.0140818 0.251333 -0.229497
2 0.277404 -0.505376 -0.217655 0.276964 -0.508713 -0.224169
2 0.225019 0.193795 -0.217558 0.223909 0.194913 -0.209125
2 -0.0154552 0.251278 -0.201365 -0.0151993 0.251414 -0.211396
2 0.280953 -0.488916 -0.187455 0.282179 -0.484523 -0.178543
2 0.278493 -0.499382 -0.206412 0.279229 -0.496015 -0.200323
2 0.282179 -0.484523 -0.178543 0.28377 -0.478657 -0.16816
2 0.280953 -0.488916 -0.187455 0.280286 -0.491438 -0.191594
2 0.279229 -0.496015 -0.200323 0.280286 -0.491438 -0.191594
2 -0.00990789 0.247965 -0.15176 -0.0128 0.249051 -0.165844
2 0.00158662 0.244814 -0.109183 0.00620859 0.243017 -0.0969245
2 0.209218 0.199749 -0.147209 0.213025 0.199219 -0.159931
2 0.206817 0.199684 -0.140446 0.203841 0.200106 -0.131951
2 0.156812 0.19329 -0.0526146 0.147488 0.191838 -0.0381666
2 0.019996 0.238489 -0.071197 0.0267723 0.236114 -0.0598057
2 0.108391 0.196423 0.0218076 0.118469 0.191391 0.0168574
2 0.190371 0.198988 -0.104824 0.177617 0.197003 -0.0846449
2 0.284987 -0.474706 -0.156562 0.285902 -0.471466 -0.143368
2 -0.0232457 -0.60416 -0.143285 -0.0242629 -0.60102 -0.136618
2 0.0938501 0.207489 0.013939 0.108391 0.196423 0.0218076
2 0.0267723 0.236114 -0.0598057 0.0340099 0.233281 -0.0507452
2 -0.0242629 -0.60102 -0.136618 -0.0258288 -0.595844 -0.125285
2 0.0340099 0.233281 -0.0507452 0.0462547 0.228954 -0.0349783
2 0.113082 0.121554 0.0483068 0.112698 0.132928 0.0490488
2 0.127085 -0.196337 0.0904677 0.128816 -0.208037 0.0951537
2 0.130826 -0.220885 0.100299 0.132124 -0.23128 0.104401
2 0.13559 -0.255698 0.112534 0.137483 -0.272202 0.117782
2 0.23807 -0.426373 0.086808 0.240911 -0.428004 0.0816491
2 -0.0150506 -0.525189 0.0195322 -0.0109083 -0.514925 0.0344785
2 0.217117 -0.415954 0.109447 0.226238 -0.42055 0.0998104
2 0.217117 -0.415954 0.109447 0.204347 -0.410526 0.12211
2 0.183433 -0.399663 0.130615 0.174668 -0.39543 0.13356
2 0.122718 -0.403554 0.141393 0.131743 -0.394133 0.14081
2 0.00888772 -0.494893 0.0730914 0.0018866 -0.502015 0.0595676
2 0.145424 -0.369191 0.137716 0.146476 -0.380452 0.138172
2 0.145424 -0.369191 0.137716 0.145649 -0.36162 0.137192
2 0.11013 0.184296 0.0506028 0.109832 0.190152 0.0357245
2 0.081732 -0.434947 0.134895 0.0733745 -0.440911 0.131457
2 -0.0150506 -0.525189 0.0195322 -0.0206707 -0.540611 -0.00333084
2 0.23807 -0.426373 0.086808 0.226238 -0.42055 0.0998104
2 0.111316 0.170141 0.0479797 0.112042 0.156594 0.0494555
2 0.11013 0.184296 0.0506028 0.109041 0.1971 0.0612825
2 0.247364 -0.431354 0.0697878 0.240911 -0.428004 0.0816491
2 0.00888772 -0.494893 0.0730914 0.0137383 -0.490286 0.0804452
2 0.103917 0.259325 0.178814 0.104068 0.252693 0.167239
2 0.194507 -0.405277 0.126702 0.204347 -0.410526 0.12211
2 0.105829 0.23194 0.131186 0.106295 0.227795 0.124047
2 0.0904228 -0.428327 0.138324 0.081732 -0.434947 0.134895
2 0.10257 0.282171 0.214367 0.102003 0.290106 0.226715
2 0.0821045 0.397953 0.366933 0.0800982 0.404294 0.373279
2 0.0903506 0.366468 0.333603 0.0917459 0.3598 0.325479
2 0.0858984 0.38489 0.352697 0.0863682 0.383315 0.349844
2 0.0903506 0.366468 0.333603 0.0887977 0.373543 0.341031
2 -0.27246 0.731247 0.370296 -0.28051 0.735803 0.364503
2 0.0601155 0.452958 0.421028 0.056782 0.459439 0.425966
2 0.072858 0.424282 0.393941 0.0697919 0.431696 0.401492
2 0.0697919 0.431696 0.401492 0.0664428 0.439519 0.40872
2 0.0631386 0.446719 0.415452 0.0664428 0.439519 0.40872
2 0.0321124 0.498347 0.451709 0.0270672 0.505185 0.455417
2 -0.156111 0.670833 0.440103 -0.16241 0.673662 0.436532
2 0.0223253 0.511436 0.458656 0.0150298 0.520553 0.462631
2 -0.0150418 0.554875 0.474582 -0.0103422 0.549807 0.473183
2 -0.00501181 0.544022 0.471553 -0.0103422 0.549807 0.473183
2 -0.257496 0.722835 0.380685 -0.265691 0.72739 0.375203
2 -0.0431177 0.583984 0.481618 -0.0379119 0.578736 0.480493
2 0.0488636 0.473204 0.435969 0.0538511 0.464773 0.429741
2 -0.156111 0.670833 0.440103 -0.149489 0.667772 0.443511
2 -0.0646792 0.604709 0.485466 -0.0568024 0.597361 0.484116
2 -0.149489 0.667772 0.443511 -0.145507 0.666005 0.446454
2 -0.129221 0.655471 0.458685 -0.124564 0.652449 0.462237
2 -0.117787 0.648058 0.467441 -0.124564 0.652449 0.462237
2 -0.112766 0.644744 0.471652 -0.109196 0.642097 0.473454
2 0.056782 0.459439 0.425966 0.0538511 0.464773 0.429741
2 -0.0940503 0.632067 0.495027 -0.0808609 0.619373 0.487704
2 -0.10219 0.6371 0.481019 -0.0940503 0.632067 0.495027
2 -0.0940503 0.632067 0.495027 -0.0934582 0.632827 0.503844
2 -0.0964215 0.645332 0.539732 -0.0968316 0.652155 0.548982
2 -0.0903453 0.671007 0.568545 -0.0951987 0.658607 0.556798
2 -0.0780843 0.703469 0.601838 -0.0805763 0.6975 0.594639
2 -0.086674 0.681037 0.577783 -0.0838284 0.688943 0.584542
2 -0.0763421 0.708632 0.607541 -0.0780843 0.703469 0.601838
2 0.281299 -0.451761 -0.0322837 0.282624 -0.453124 -0.041261
2 0.28881 -0.591589 -0.518889 0.289137 -0.592294 -0.508969
2 0.285279 -0.566057 -0.382732 0.285564 -0.56758 -0.387783
2 -0.017234 0.264373 -0.383833 -0.0164019 0.264378 -0.374642
2 -0.0168144 -0.70217 -0.305649 -0.017824 -0.705798 -0.31599
2 0.281563 -0.544475 -0.311501 0.282012 -0.547059 -0.31933
2 -0.00999184 0.250474 -0.275008 -0.0103981 0.253357 -0.284112
2 -0.00999184 0.250474 -0.275008 -0.0106413 0.25075 -0.267238
2 -0.0124814 -0.641416 -0.199274 -0.0109136 -0.650369 -0.209809
2 -0.0287333 -0.580926 -0.0880622 -0.028362 -0.584395 -0.0979468
2 0.063892 -0.44784 0.127196 0.0501461 -0.459257 0.119772
2 0.113114 0.0233163 0.0439027 0.113384 0.0369309 0.044689
2 0.111735 -0.0334428 0.0413542 0.111901 -0.0280431 0.0418962
2 -0.0254146 -0.73792 -0.587177 -0.0247498 -0.739911 -0.579176
2 -0.0200739 -0.751725 -0.506764 -0.0206533 -0.751095 -0.519226
2 -0.0176567 0.282575 -0.501434 -0.0176268 0.284618 -0.509085
2 0.260851 0.112124 -0.501246 0.259888 0.114144 -0.492299
2 0.247939 0.140017 -0.404243 0.246814 0.142183 -0.397155
2 -0.0172195 -0.623235 -0.177402 -0.0142186 -0.633986 -0.190409
2 -0.0201464 -0.613192 -0.161449 -0.0229587 -0.605016 -0.145065
2 -0.0272147 -0.564946 -0.0523506 -0.0265811 -0.560558 -0.0430505
2 0.113496 0.0454676 0.0453416 0.113422 0.0595697 0.0460313
2 -0.186289 0.685022 0.424376 -0.178497 0.681014 0.428598
2 0.0463217 0.477357 0.438986 0.0415766 0.484699 0.443564
2 0.206817 0.199684 -0.140446 0.209218 0.199749 -0.147209
2 0.247364 -0.431354 0.0697878 0.253142 -0.434482 0.0587688
2 -0.0277374 -0.732132 -0.609127 -0.0287065 -0.730167 -0.615324
2 -0.0239484 0.326806 -0.604712 -0.0231455 0.323326 -0.597185
2 -0.0259335 0.334053 -0.619536 -0.0270405 0.336406 -0.624623
2 0.266462 0.132289 -0.618426 0.265863 0.12686 -0.603886
2 0.265863 0.12686 -0.603886 0.265797 0.124765 -0.59772
2 0.289682 -0.564028 -0.597579 0.289978 -0.561482 -0.603112
2 -0.0261952 -0.735707 -0.595933 -0.0254146 -0.73792 -0.587177
2 0.265341 0.121547 -0.587283 0.265797 0.124765 -0.59772
2 -0.0212772 0.312923 -0.575181 -0.0217474 0.315731 -0.581086
2 -0.0207991 0.3101 -0.56938 -0.0201561 0.306265 -0.561562
2 -0.023129 -0.744537 -0.560297 -0.0241239 -0.741611 -0.572423
2 -0.0212433 -0.750204 -0.532324 -0.0219255 -0.748361 -0.542188
2 -0.0206533 -0.751095 -0.519226 -0.0212433 -0.750204 -0.532324
2 -0.0185805 0.296949 -0.54219 -0.0190973 0.300127 -0.549152
2 0.264053 0.113314 -0.553275 0.263657 0.111458 -0.543099
2 0.288664 -0.584304 -0.54648 0.288653 -0.588104 -0.534463
2 -0.0179271 0.290797 -0.527828 -0.0182994 0.294354 -0.536462
2 -0.0200739 -0.751725 -0.506764 -0.0196989 -0.751569 -0.498214
2 0.260851 0.112124 -0.501246 0.261501 0.111112 -0.508331
2 0.289137 -0.592294 -0.508969 0.289337 -0.592461 -0.498251
2 0.289428 -0.591636 -0.484395 0.289337 -0.592461 -0.498251
2 -0.0176923 0.280834 -0.49398 -0.0177523 0.279166 -0.486502
2 -0.0177523 0.279166 -0.486502 -0.0178251 0.277758 -0.479653
2 -0.0191348 -0.74953 -0.479165 -0.0194812 -0.750775 -0.489982
2 -0.0191348 -0.74953 -0.479165 -0.0190401 -0.748482 -0.47308
2 0.257229 0.120033 -0.470202 0.25861 0.116934 -0.481567
2 0.289252 -0.589314 -0.467302 0.288841 -0.586495 -0.454575
2 -0.0188355 -0.742774 -0.443784 -0.0187712 -0.744541 -0.451302
2 0.254944 0.125342 -0.452806 0.253724 0.128071 -0.443966
2 0.251945 0.131906 -0.431298 0.250903 0.134098 -0.42404
2 -0.0188384 -0.745768 -0.457855 -0.0187712 -0.744541 -0.451302
2 0.254944 0.125342 -0.452806 0.255871 0.123175 -0.459686
2 0.250903 0.134098 -0.42404 0.249922 0.136115 -0.417259
2 -0.0181672 0.272401 -0.448327 -0.0182645 0.270931 -0.438071
2 -0.018231 0.269332 -0.424975 -0.018265 0.270153 -0.431684
2 -0.017963 0.267146 -0.406323 -0.0178115 0.266237 -0.399015
2 -0.0189835 -0.738731 -0.426652 -0.018896 -0.740889 -0.435687
2 0.287308 -0.577121 -0.419304 0.287009 -0.575433 -0.413704
2 0.285948 -0.569645 -0.394626 0.286324 -0.571672 -0.401319
2 0.286324 -0.571672 -0.401319 0.287009 -0.575433 -0.413704
2 0.285948 -0.569645 -0.394626 0.285564 -0.56758 -0.387783
2 0.246814 0.142183 -0.397155 0.245299 0.144917 -0.388033
2 0.247939 0.140017 -0.404243 0.248966 0.138005 -0.410956
2 -0.0164019 0.264378 -0.374642 -0.016184 0.262918 -0.368906
2 -0.0195497 -0.727198 -0.38312 -0.0195964 -0.723605 -0.370561
2 0.242411 0.150195 -0.370551 0.24119 0.152975 -0.362034
2 -0.019597 -0.721816 -0.364511 -0.0195964 -0.723605 -0.370561
2 0.24119 0.152975 -0.362034 0.240254 0.155071 -0.355055
2 -0.0149767 0.264075 -0.360113 -0.016184 0.262918 -0.368906
2 -0.019597 -0.721816 -0.364511 -0.0195425 -0.719706 -0.357712
2 -0.0143583 0.262925 -0.35213 -0.0149767 0.264075 -0.360113
2 0.283835 -0.55768 -0.354317 0.28438 -0.560813 -0.365396
2 0.238379 0.160066 -0.339567 0.237454 0.162615 -0.332361
2 0.239258 0.158095 -0.34554 0.238379 0.160066 -0.339567
2 0.283835 -0.55768 -0.354317 0.283179 -0.554187 -0.341501
2 -0.0185589 -0.710762 -0.329959 -0.0191018 -0.713637 -0.338901
2 0.236158 0.165967 -0.322473 0.237454 0.162615 -0.332361
2 -0.0111017 0.256072 -0.302975 -0.0114446 0.259563 -0.319047
2 0.278934 -0.533239 -0.27848 0.27804 -0.528633 -0.267767
2 -0.0140341 -0.694242 -0.28221 -0.0150118 -0.697099 -0.289609
2 -0.0108073 -0.682406 -0.255081 -0.0108015 -0.688888 -0.266098
2 -0.0140341 -0.694242 -0.28221 -0.012056 -0.690296 -0.271856
2 -0.0108015 -0.688888 -0.266098 -0.012056 -0.690296 -0.271856
2 -0.0106413 0.25075 -0.267238 -0.0119397 0.250881 -0.254657
2 -0.0101851 -0.661382 -0.224123 -0.0101548 -0.667606 -0.23293
2 0.230054 0.183536 -0.271572 0.231192 0.181206 -0.279382
2 0.230054 0.183536 -0.271572 0.229221 0.186199 -0.260636
2 -0.010473 -0.676763 -0.246627 -0.0102569 -0.671496 -0.23867
2 -0.0101548 -0.667606 -0.23293 -0.0102569 -0.671496 -0.23867
2 0.226789 0.191522 -0.232734 0.225019 0.193795 -0.217558
2 -0.0142186 -0.633986 -0.190409 -0.0124814 -0.641416 -0.199274
2 -0.0101851 -0.661382 -0.224123 -0.0104641 -0.654871 -0.215375
2 -0.0137134 0.251288 -0.234627 -0.0140818 0.251333 -0.229497
2 0.22001 0.197245 -0.187993 0.222448 0.195872 -0.200418
2 0.223909 0.194913 -0.209125 0.222448 0.195872 -0.200418
2 -0.0154552 0.251278 -0.201365 -0.0154555 0.251025 -0.189853
2 -0.0146903 0.250325 -0.176959 -0.0152748 0.250816 -0.181977
2 -0.0104641 -0.654871 -0.215375 -0.0109136 -0.650369 -0.209809
2 0.217364 0.198602 -0.174809 0.213025 0.199219 -0.159931
2 0.277404 -0.505376 -0.217655 0.278493 -0.499382 -0.206412
2 -0.0172195 -0.623235 -0.177402 -0.0201464 -0.613192 -0.161449
2 0.000529435 0.245118 -0.112774 -0.00336429 0.246217 -0.12655
2 0.0146987 0.240221 -0.0807988 0.00620859 0.243017 -0.0969245
2 0.28377 -0.478657 -0.16816 0.284265 -0.476928 -0.163776
2 0.161321 0.194057 -0.0593921 0.169781 0.195439 -0.0725084
2 0.13148 0.189544 -0.00876974 0.127931 0.190368 -0.00159468
2 0.113664 -0.0679178 0.0453699 0.112435 -0.0540636 0.0433512
2 0.138141 0.190546 -0.0212139 0.147488 0.191838 -0.0381666
2 0.138141 0.190546 -0.0212139 0.13148 0.189544 -0.00876974
2 -0.00803104 0.24748 -0.144325 -0.00336429 0.246217 -0.12655
2 0.019996 0.238489 -0.071197 0.0146987 0.240221 -0.0807988
2 0.285902 -0.471466 -0.143368 0.286642 -0.468672 -0.131302
2 0.117764 -0.121493 0.0567687 0.117291 -0.115407 0.0547699
2 0.118469 0.191391 0.0168574 0.124273 0.190549 0.00579174
2 0.117764 -0.121493 0.0567687 0.118508 -0.128907 0.0591068
2 0.286642 -0.468672 -0.131302 0.287397 -0.464513 -0.111646
2 -0.028783 -0.575758 -0.0763501 -0.0287333 -0.580926 -0.0880622
2 0.287735 -0.460434 -0.0899539 0.287807 -0.461613 -0.0974213
2 0.113114 0.0233163 0.0439027 0.112893 0.0131193 0.0435185
2 0.0753496 0.21694 -0.00520591 0.0938501 0.207489 0.013939
2 0.0753496 0.21694 -0.00520591 0.0634542 0.222076 -0.0174749
2 -0.0272147 -0.564946 -0.0523506 -0.0279272 -0.569661 -0.0628487
2 0.28555 -0.456414 -0.0630088 0.286498 -0.457416 -0.0703536
2 0.114914 -0.0852852 0.0478167 0.114279 -0.0765268 0.0464532
2 0.281299 -0.451761 -0.0322837 0.278722 -0.449134 -0.0154914
2 0.112042 0.156594 0.0494555 0.112283 0.147079 0.0494836
2 0.128816 -0.208037 0.0951537 0.130826 -0.220885 0.100299
2 0.276586 -0.447724 -0.00642565 0.278722 -0.449134 -0.0154914
2 -0.0265811 -0.560558 -0.0430505 -0.0260131 -0.556509 -0.0345565
2 0.257691 -0.436913 0.0493426 0.253142 -0.434482 0.0587688
2 0.0468723 -0.462054 0.117913 0.0501461 -0.459257 0.119772
2 0.0991649 -0.421182 0.140683 0.0904228 -0.428327 0.138324
2 0.113082 0.121554 0.0483068 0.113179 0.102967 0.0475066
2 0.0991649 -0.421182 0.140683 0.110338 -0.412778 0.141058
2 -0.0256352 -0.554118 -0.0295419 -0.0250864 -0.551884 -0.0251438
2 0.115173 -0.409085 0.1412 0.110338 -0.412778 0.141058
2 0.113496 0.0454676 0.0453416 0.113384 0.0369309 0.044689
2 0.145713 -0.345346 0.135051 0.145023 -0.335503 0.133515
2 0.0180665 -0.487627 0.0869633 0.0312858 -0.476294 0.102444
2 0.113664 -0.0679178 0.0453699 0.114279 -0.0765268 0.0464532
2 0.109041 0.1971 0.0612825 0.108892 0.201445 0.0692427
2 0.108737 0.206852 0.0797777 0.108892 0.201445 0.0692427
2 0.105241 0.235822 0.137662 0.104982 0.239781 0.1446
2 0.111735 -0.0334428 0.0413542 0.112052 -0.0434482 0.0427753
2 0.10862 0.209402 0.0845946 0.107981 0.214876 0.0957915
2 0.167945 -0.391968 0.135651 0.174668 -0.39543 0.13356
2 0.0733745 -0.440911 0.131457 0.063892 -0.44784 0.127196
2 0.112381 -0.00868272 0.0427046 0.111901 -0.0280431 0.0418962
2 0.115439 -0.0914284 0.0490896 0.116373 -0.0986816 0.0509597
2 0.121887 -0.148392 0.0686135 0.123116 -0.161525 0.0748836
2 0.107443 0.219131 0.104843 0.106295 0.227795 0.124047
2 0.117175 -0.109428 0.0534237 0.116373 -0.0986816 0.0509597
2 0.120991 -0.136462 0.0628534 0.118508 -0.128907 0.0591068
2 0.125035 -0.179253 0.0830547 0.123945 -0.169541 0.0786282
2 0.103211 0.272605 0.19923 0.102854 0.278047 0.207895
2 0.102003 0.290106 0.226715 0.101783 0.293033 0.231228
2 0.115173 -0.409085 0.1412 0.122718 -0.403554 0.141393
2 0.138026 -0.277576 0.11946 0.139102 -0.285773 0.121882
2 0.139102 -0.285773 0.121882 0.139803 -0.291431 0.123547
2 0.0987536 0.322341 0.276689 0.100043 0.313079 0.262184
2 0.0927644 0.354856 0.319403 0.0949045 0.344907 0.306204
2 0.145649 -0.36162 0.137192 0.145713 -0.345346 0.135051
2 -0.286899 0.73938 0.359886 -0.290535 0.74144 0.357117
2 0.167945 -0.391968 0.135651 0.157661 -0.384475 0.136872
2 0.0987536 0.322341 0.276689 0.0975028 0.330286 0.287564
2 0.0887977 0.373543 0.341031 0.0858984 0.38489 0.352697
2 0.0821045 0.397953 0.366933 0.0858984 0.38489 0.352697
2 0.0761047 0.415887 0.385709 0.0784859 0.409033 0.378433
2 0.00727801 0.529919 0.466463 0.0150298 0.520553 0.462631
2 0.0223253 0.511436 0.458656 0.0270672 0.505185 0.455417
2 -0.0150418 0.554875 0.474582 -0.030312 0.570821 0.478345
2 0.00727801 0.529919 0.466463 -0.000360157 0.538743 0.469734
2 -0.218621 0.701691 0.405087 -0.21106 0.697765 0.409589
2 -0.16241 0.673662 0.436532 -0.167458 0.675923 0.433963
2 -0.0692125 0.608943 0.486324 -0.0646792 0.604709 0.485466
2 -0.0692125 0.608943 0.486324 -0.0808609 0.619373 0.487704
2 -0.186289 0.685022 0.424376 -0.1988 0.691429 0.416897
2 -0.117787 0.648058 0.467441 -0.114899 0.646177 0.469935
2 -0.138964 0.661777 0.451226 -0.129221 0.655471 0.458685
2 -0.0938892 0.634859 0.514143 -0.0934582 0.632827 0.503844
2 -0.0515943 0.592401 0.483713 -0.0568024 0.597361 0.484116
2 -0.0938892 0.634859 0.514143 -0.0971281 0.635458 0.532106
2 -0.0968316 0.652155 0.548982 -0.0951987 0.658607 0.556798
2 -0.104802 0.628324 0.554108 -0.101687 0.632023 0.545519
2 -0.0903453 0.671007 0.568545 -0.086674 0.681037 0.577783
2 -0.1136 0.621429 0.572141 -0.104802 0.628324 0.554108
2 -0.0838284 0.688943 0.584542 -0.0805763 0.6975 0.594639
2 -0.1136 0.621429 0.572141 -0.126089 0.61295 0.589145
2 -0.101687 0.632023 0.545519 -0.0971281 0.635458 0.532106
2 0.284987 -0.474706 -0.156562 0.284265 -0.476928 -0.163776
2 0.287807 -0.461613 -0.0974213 0.287397 -0.464513 -0.111646
2 -0.017234 0.264373 -0.383833 -0.0178115 0.266237 -0.399015
2 -0.0151081 -0.698066 -0.292246 -0.0159728 -0.699998 -0.298769
2 0.276849 -0.520686 -0.249449 0.276672 -0.517072 -0.241553
2 0.115439 -0.0914284 0.0490896 0.114914 -0.0852852 0.0478167
2 0.126559 -0.191814 0.088572 0.125737 -0.185262 0.0857205
2 0.146476 -0.380452 0.138172 0.131743 -0.394133 0.14081
2 -0.138964 0.661777 0.451226 -0.145507 0.666005 0.446454
2 0.266695 0.135858 -0.626578 0.266462 0.132289 -0.618426
2 -0.0176268 0.284618 -0.509085 -0.0176897 0.287208 -0.51759
2 -0.0179271 0.290797 -0.527828 -0.0176897 0.287208 -0.51759
2 -0.0182645 0.270931 -0.438071 -0.018265 0.270153 -0.431684
2 -0.0168144 -0.70217 -0.305649 -0.0159728 -0.699998 -0.298769
2 0.0415766 0.484699 0.443564 0.0358684 0.492976 0.448502
2 -0.0111017 0.256072 -0.302975 -0.0109519 0.254994 -0.295689
2 -0.0106175 0.253935 -0.288393 -0.0109519 0.254994 -0.295689
2 0.104068 0.252693 0.167239 0.104411 0.246582 0.155989
2 -0.0431177 0.583984 0.481618 -0.0515943 0.592401 0.483713
2 -0.133791 0.607783 0.598991 -0.126089 0.61295 0.589145
2 -0.238479 0.711963 0.393232 -0.233433 0.709358 0.396227
2 -0.0119397 0.250881 -0.254657 -0.0125014 0.25103 -0.248633
2 0.0964845 0.335734 0.295151 0.0949045 0.344907 0.306204
2 0.287308 -0.577121 -0.419304 0.287563 -0.578615 -0.424435
2 -0.0151081 -0.698066 -0.292246 -0.0150118 -0.697099 -0.289609
2 -0.203376 0.693788 0.414139 -0.1988 0.691429 0.416897
2 0.289277 -0.572098 -0.578905 0.28908 -0.575444 -0.570664
2 -0.0241239 -0.741611 -0.572423 -0.0247498 -0.739911 -0.579176
2 0.288732 -0.590574 -0.525143 0.288653 -0.588104 -0.534463
2 0.257229 0.120033 -0.470202 0.255871 0.123175 -0.459686
2 -0.0193888 -0.731266 -0.397711 -0.0193034 -0.732896 -0.403663
2 0.233681 0.172245 -0.303446 0.236158 0.165967 -0.322473
2 -0.0154555 0.251025 -0.189853 -0.0152748 0.250816 -0.181977
2 -0.250126 0.718976 0.385414 -0.257496 0.722835 0.380685
2 0.264531 0.115926 -0.565381 0.264053 0.113314 -0.553275
2 0.227994 0.18964 -0.244324 0.226789 0.191522 -0.232734
2 -0.0224234 0.319539 -0.589109 -0.0217474 0.315731 -0.581086
2 -0.0231455 0.323326 -0.597185 -0.0224234 0.319539 -0.589109
2 -0.0277374 -0.732132 -0.609127 -0.0261952 -0.735707 -0.595933
2 -0.023129 -0.744537 -0.560297 -0.022443 -0.746819 -0.550246
2 -0.0219255 -0.748361 -0.542188 -0.022443 -0.746819 -0.550246
2 -0.0185805 0.296949 -0.54219 -0.0182994 0.294354 -0.536462
2 0.289396 -0.590705 -0.47523 0.289428 -0.591636 -0.484395
2 -0.0188671 -0.746926 -0.463611 -0.0188384 -0.745768 -0.457855
2 -0.0180626 0.274223 -0.46014 -0.0178937 0.276664 -0.473922
2 0.249922 0.136115 -0.417259 0.248966 0.138005 -0.410956
2 -0.0191989 -0.734888 -0.411461 -0.0193034 -0.732896 -0.403663
2 0.243572 0.148042 -0.377583 0.242411 0.150195 -0.370551
2 0.284477 -0.561407 -0.367373 0.28438 -0.560813 -0.365396
2 -0.0193502 -0.716419 -0.347395 -0.0191018 -0.713637 -0.338901
2 -0.0144622 0.251372 -0.223706 -0.0151993 0.251414 -0.211396
2 -0.0146903 0.250325 -0.176959 -0.0128 0.249051 -0.165844
2 -0.00990789 0.247965 -0.15176 -0.00803104 0.24748 -0.144325
2 0.194981 0.19976 -0.113514 0.190371 0.198988 -0.104824
2 0.00158662 0.244814 -0.109183 0.000529435 0.245118 -0.112774
2 -0.178497 0.681014 0.428598 -0.167458 0.675923 0.433963
2 -0.218621 0.701691 0.405087 -0.233433 0.709358 0.396227
2 -0.21106 0.697765 0.409589 -0.203376 0.693788 0.414139
2 0.113422 0.0595697 0.0460313 0.11334 0.0733896 0.0465537
2 0.284843 -0.56354 -0.374396 0.285279 -0.566057 -0.382732
2 0.239258 0.158095 -0.34554 0.240254 0.155071 -0.355055
2 0.279831 -0.538996 -0.290694 0.279682 -0.535981 -0.286596
2 0.231634 0.17839 -0.285776 0.231192 0.181206 -0.279382
2 0.103499 0.26755 0.191639 0.103211 0.272605 0.19923
2 -0.0184021 -0.708437 -0.323745 -0.017824 -0.705798 -0.31599
2 -0.0246592 0.33053 -0.61282 -0.0259335 0.334053 -0.619536
2 0.289277 -0.572098 -0.578905 0.289561 -0.567825 -0.589082
2 0.288307 -0.583092 -0.440554 0.288032 -0.581426 -0.434471
2 0.232611 0.174144 -0.296727 0.231634 0.17839 -0.285776
2 0.278934 -0.533239 -0.27848 0.279682 -0.535981 -0.286596
2 0.276672 -0.517072 -0.241553 0.276713 -0.5117 -0.230211
2 0.22001 0.197245 -0.187993 0.219734 0.1974 -0.18657
2 0.0180665 -0.487627 0.0869633 0.0137383 -0.490286 0.0804452
2 -0.265691 0.72739 0.375203 -0.27246 0.731247 0.370296
2 0.26328 0.110291 -0.53405 0.263098 0.110034 -0.530215
2 -0.238479 0.711963 0.393232 -0.244271 0.715308 0.389546
2 0.262728 0.109747 -0.523519 0.263098 0.110034 -0.530215
2 -0.0196989 -0.751569 -0.498214 -0.0194812 -0.750775 -0.489982
2 0.264531 0.115926 -0.565381 0.26496 0.118882 -0.577396
2 -0.0266399 -0.592741 -0.118104 -0.0273485 -0.58964 -0.110725
2 -0.0266399 -0.592741 -0.118104 -0.0258288 -0.595844 -0.125285
2 0.28743 -0.459083 -0.0816453 0.287735 -0.460434 -0.0899539
2 0.13559 -0.255698 0.112534 0.135334 -0.244506 0.109075
2 0.125035 -0.179253 0.0830547 0.125737 -0.185262 0.0857205
2 -0.286899 0.73938 0.359886 -0.28051 0.735803 0.364503
2 -0.250126 0.718976 0.385414 -0.244271 0.715308 0.389546
2 -0.0971281 0.635458 0.532106 -0.0964215 0.645332 0.539732
2 0.0468723 -0.462054 0.117913 0.042678 -0.4658 0.114564
2 0.288786 -0.579825 -0.559291 0.288664 -0.584304 -0.54648
2 0.229221 0.186199 -0.260636 0.228435 0.188474 -0.249968
2 -0.0232457 -0.60416 -0.143285 -0.0229587 -0.605016 -0.145065
2 0.28743 -0.459083 -0.0816453 0.286498 -0.457416 -0.0703536
2 -0.0235925 -0.547445 -0.0169372 -0.0206707 -0.540611 -0.00333084
2 0.217364 0.198602 -0.174809 0.219734 0.1974 -0.18657
2 -0.0235925 -0.547445 -0.0169372 -0.0250864 -0.551884 -0.0251438
2 0.284748 -0.45549 -0.0569183 0.282624 -0.453124 -0.041261
2 0.203841 0.200106 -0.131951 0.194981 0.19976 -0.113514
2 -0.030312 0.570821 0.478345 -0.0379119 0.578736 0.480493
2 -0.028362 -0.584395 -0.0979468 -0.0273485 -0.58964 -0.110725
2 0.28555 -0.456414 -0.0630088 0.284748 -0.45549 -0.0569183
2 0.112052 -0.0434482 0.0427753 0.112435 -0.0540636 0.0433512
2 0.112381 -0.00868272 0.0427046 0.112893 0.0131193 0.0435185
2 0.10257 0.282171 0.214367 0.102854 0.278047 0.207895
2 0.101095 0.301559 0.244247 0.100787 0.305117 0.249812
2 0.0761047 0.415887 0.385709 0.072858 0.424282 0.393941
2 -0.112766 0.644744 0.471652 -0.114899 0.646177 0.469935
2 -0.0256352 -0.554118 -0.0295419 -0.0260131 -0.556509 -0.0345565
2 0.0964845 0.335734 0.295151 0.0975028 0.330286 0.287564
2 0.268152 -0.443131 0.0216361 0.276586 -0.447724 -0.00642565
2 0.257691 -0.436913 0.0493426 0.262694 -0.439798 0.0370813
2 0.100043 0.313079 0.262184 0.100787 0.305117 0.249812
2 0.169781 0.195439 -0.0725084 0.177617 0.197003 -0.0846449
2 0.0404111 -0.467822 0.112377 0.042678 -0.4658 0.114564
2 -0.00501181 0.544022 0.471553 -0.000360157 0.538743 0.469734
2 -0.10219 0.6371 0.481019 -0.109196 0.642097 0.473454
2 0.262694 -0.439798 0.0370813 0.268152 -0.443131 0.0216361
2 -0.00799962 -0.511648 0.0410805 -0.0109083 -0.514925 0.0344785
2 0.107563 0.194739 0.0291641 0.109832 0.190152 0.0357245
2 -0.00149521 -0.505329 0.0531222 -0.0048196 -0.508712 0.0468118
2 0.101385 0.298035 0.238884 0.101578 0.295644 0.235233
2 0.0462547 0.228954 -0.0349783 0.0634542 0.222076 -0.0174749
2 -0.028783 -0.575758 -0.0763501 -0.0279272 -0.569661 -0.0628487
2 0.11013 0.184296 0.0506028 0.111316 0.170141 0.0479797
2 0.117291 -0.115407 0.0547699 0.117175 -0.109428 0.0534237
2 0.0018866 -0.502015 0.0595676 -0.00149521 -0.505329 0.0531222
2 0.123116 -0.161525 0.0748836 0.123945 -0.169541 0.0786282
2 0.120991 -0.136462 0.0628534 0.121887 -0.148392 0.0686135
2 0.101783 0.293033 0.231228 0.101578 0.295644 0.235233
2 0.0927644 0.354856 0.319403 0.0917459 0.3598 0.325479
2 0.0800982 0.404294 0.373279 0.0784859 0.409033 0.378433
2 0.0463217 0.477357 0.438986 0.0488636 0.473204 0.435969
2 0.132124 -0.23128 0.104401 0.135334 -0.244506 0.109075
2 0.127085 -0.196337 0.0904677 0.126559 -0.191814 0.088572
2 -0.00799962 -0.511648 0.0410805 -0.0048196 -0.508712 0.0468118
2 0.101385 0.298035 0.238884 0.101095 0.301559 0.244247
2 0.11334 0.0733896 0.0465537 0.113258 0.0877317 0.0470645
2 0.141172 -0.302329 0.126719 0.139803 -0.291431 0.123547
2 0.104773 0.242016 0.148395 0.104982 0.239781 0.1446
2 0.107981 0.214876 0.0957915 0.107443 0.219131 0.104843
2 0.0404111 -0.467822 0.112377 0.0312858 -0.476294 0.102444
2 0.137483 -0.272202 0.117782 0.138026 -0.277576 0.11946
2 0.141172 -0.302329 0.126719 0.143215 -0.31832 0.130734
2 0.0321124 0.498347 0.451709 0.0358684 0.492976 0.448502
2 0.0601155 0.452958 0.421028 0.0631386 0.446719 0.415452
2 0.103917 0.259325 0.178814 0.103499 0.26755 0.191639
2 0.183433 -0.399663 0.130615 0.194507 -0.405277 0.126702
2 0.105241 0.235822 0.137662 0.105829 0.23194 0.131186
2 0.104411 0.246582 0.155989 0.104773 0.242016 0.148395
2 0.113258 0.0877317 0.0470645 0.113179 0.102967 0.0475066
2 0.112698 0.132928 0.0490488 0.112283 0.147079 0.0494836
2 0.144102 -0.327104 0.13215 0.143215 -0.31832 0.130734
2 0.144102 -0.327104 0.13215 0.145023 -0.335503 0.133515
2 0.161321 0.194057 -0.0593921 0.156812 0.19329 -0.0526146
2 0.146476 -0.380452 0.138172 0.157661 -0.384475 0.136872
2 0.124273 0.190549 0.00579174 0.127931 0.190368 -0.00159468
2 0.108737 0.206852 0.0797777 0.10862 0.209402 0.0845946
2 -0.017963 0.267146 -0.406323 -0.0181499 0.26834 -0.416971
2 0.107563 0.194739 0.0291641 0.108391 0.196423 0.0218076
